  -------
|  Kfold  |
  -------
PHM (18ch_tr)
1/5: 
fold 1/3 accuracy: 0.8764705882352941
 [0, 1, 2, 3, 4, 5, 6, 7, 8, 9, 10, 11, 12, 13, 14, 15, 16]
[[10  0  0  0  0  0  0  0  0  0  0  0  0  0  0  0  0]
 [ 0 10  0  0  0  0  0  0  0  0  0  0  0  0  0  0  0]
 [ 0  0 10  0  0  0  0  0  0  0  0  0  0  0  0  0  0]
 [ 0  0  0 10  0  0  0  0  0  0  0  0  0  0  0  0  0]
 [ 0  0  0  0 10  0  0  0  0  0  0  0  0  0  0  0  0]
 [ 0  0  0  0  0 10  0  0  0  0  0  0  0  0  0  0  0]
 [ 0  0  0  0  0  0 10  0  0  0  0  0  0  0  0  0  0]
 [ 0  0  0  0  0  0  0 10  0  0  0  0  0  0  0  0  0]
 [ 0  0  0  0  0  0  0  0 10  0  0  0  0  0  0  0  0]
 [ 0  0  0  0  0  0  0  0  0 10  0  0  0  0  0  0  0]
 [ 0  0  0  0  0  0  0  0  0  0 10  0  0  0  0  0  0]
 [ 0  0  0  0  0  0  0  0  9  0  0  1  0  0  0  0  0]
 [ 0  0  0  0  0  0  0  0 10  0  0  0  0  0  0  0  0]
 [ 0  0  0  0  0  0  0  0  0  0  0  0  0 10  0  0  0]
 [ 0  0  0  2  0  0  0  0  0  0  0  0  0  0  8  0  0]
 [ 0  0  0  0  0  0  0  0  0  0  0  0  0  0  0 10  0]
 [ 0  0  0  0  0  0  0  0  0  0  0  0  0  0  0  0 10]]
fold 2/3 accuracy: 0.8764705882352941
 [0, 1, 2, 3, 4, 5, 6, 7, 8, 9, 10, 11, 12, 13, 14, 15, 16]
[[10  0  0  0  0  0  0  0  0  0  0  0  0  0  0  0  0]
 [ 0 10  0  0  0  0  0  0  0  0  0  0  0  0  0  0  0]
 [ 0  0 10  0  0  0  0  0  0  0  0  0  0  0  0  0  0]
 [ 0  0  0 10  0  0  0  0  0  0  0  0  0  0  0  0  0]
 [ 0  0  0  0 10  0  0  0  0  0  0  0  0  0  0  0  0]
 [ 0  0  0 10  0  0  0  0  0  0  0  0  0  0  0  0  0]
 [ 0  0  0  0  0  0 10  0  0  0  0  0  0  0  0  0  0]
 [ 0  0  0  0  0  0  0 10  0  0  0  0  0  0  0  0  0]
 [ 0  0  0  0  0  0  0  0 10  0  0  0  0  0  0  0  0]
 [ 0  0  0  0  0  0  0  0  0 10  0  0  0  0  0  0  0]
 [ 0  0  0  0  0  0  0  0  0  0 10  0  0  0  0  0  0]
 [ 0  0  0  0  0  0  0  0  0  0  0 10  0  0  0  0  0]
 [ 0  0  0  0  0  0  0  0 10  0  0  0  0  0  0  0  0]
 [ 0  0  0  0  0  0  0  0  0  0  0  0  0 10  0  0  0]
 [ 0  0  0  0  0  0  0  0  0  0  0  0  0  0 10  0  0]
 [ 0  0  0  0  0  0  0  0  0  0  0  0  0  0  0 10  0]
 [ 0  0  0  0  0  0  0  0  0  0  0  0  0  0  0  1  9]]
fold 3/3 accuracy: 0.9823529411764705
 [0, 1, 2, 3, 4, 5, 6, 7, 8, 9, 10, 11, 12, 13, 14, 15, 16]
[[10  0  0  0  0  0  0  0  0  0  0  0  0  0  0  0  0]
 [ 0 10  0  0  0  0  0  0  0  0  0  0  0  0  0  0  0]
 [ 0  0 10  0  0  0  0  0  0  0  0  0  0  0  0  0  0]
 [ 0  0  0 10  0  0  0  0  0  0  0  0  0  0  0  0  0]
 [ 0  0  0  0 10  0  0  0  0  0  0  0  0  0  0  0  0]
 [ 0  0  0  0  0 10  0  0  0  0  0  0  0  0  0  0  0]
 [ 0  0  0  0  0  0 10  0  0  0  0  0  0  0  0  0  0]
 [ 0  0  0  0  0  0  0 10  0  0  0  0  0  0  0  0  0]
 [ 0  0  0  0  0  0  0  0  7  0  0  0  0  3  0  0  0]
 [ 0  0  0  0  0  0  0  0  0 10  0  0  0  0  0  0  0]
 [ 0  0  0  0  0  0  0  0  0  0 10  0  0  0  0  0  0]
 [ 0  0  0  0  0  0  0  0  0  0  0 10  0  0  0  0  0]
 [ 0  0  0  0  0  0  0  0  0  0  0  0 10  0  0  0  0]
 [ 0  0  0  0  0  0  0  0  0  0  0  0  0 10  0  0  0]
 [ 0  0  0  0  0  0  0  0  0  0  0  0  0  0 10  0  0]
 [ 0  0  0  0  0  0  0  0  0  0  0  0  0  0  0 10  0]
 [ 0  0  0  0  0  0  0  0  0  0  0  0  0  0  0  0 10]]
mean accuracy: 0.9117647058823529
2/5: 
fold 1/3 accuracy: 0.8176470588235294
 [0, 1, 2, 3, 4, 5, 6, 7, 8, 9, 10, 11, 12, 13, 14, 15, 16]
[[10  0  0  0  0  0  0  0  0  0  0  0  0  0  0  0  0]
 [ 0 10  0  0  0  0  0  0  0  0  0  0  0  0  0  0  0]
 [ 0  0 10  0  0  0  0  0  0  0  0  0  0  0  0  0  0]
 [ 0  0  0 10  0  0  0  0  0  0  0  0  0  0  0  0  0]
 [ 0  0  0  0 10  0  0  0  0  0  0  0  0  0  0  0  0]
 [ 0  0  0  0  0 10  0  0  0  0  0  0  0  0  0  0  0]
 [ 0  0  0  0  0  0  0  0 10  0  0  0  0  0  0  0  0]
 [ 0  0  0  0  0  0  0 10  0  0  0  0  0  0  0  0  0]
 [ 0  0  0  0  0  0  0  0 10  0  0  0  0  0  0  0  0]
 [ 0  0  0  0  0  0  0  0  0 10  0  0  0  0  0  0  0]
 [ 0  0  0  0  0  0  0  0  0  0 10  0  0  0  0  0  0]
 [ 0  0  0  0  0  0  0  0  1  0  0  9  0  0  0  0  0]
 [ 0  0  0  0  0  0  0  0 10  0  0  0  0  0  0  0  0]
 [ 0  0  0  0  0  0  0  0  0  0  0  0  0 10  0  0  0]
 [ 0  0  0  0  0  0  0  0  0  0  0  0  0 10  0  0  0]
 [ 0  0  0  0  0  0  0  0  0  0  0  0  0  0  0 10  0]
 [ 0  0  0  0  0  0  0  0  0  0  0  0  0  0  0  0 10]]
fold 2/3 accuracy: 0.9823529411764705
 [0, 1, 2, 3, 4, 5, 6, 7, 8, 9, 10, 11, 12, 13, 14, 15, 16]
[[10  0  0  0  0  0  0  0  0  0  0  0  0  0  0  0  0]
 [ 0 10  0  0  0  0  0  0  0  0  0  0  0  0  0  0  0]
 [ 0  0 10  0  0  0  0  0  0  0  0  0  0  0  0  0  0]
 [ 0  0  0 10  0  0  0  0  0  0  0  0  0  0  0  0  0]
 [ 0  0  0  0 10  0  0  0  0  0  0  0  0  0  0  0  0]
 [ 0  0  0  0  0 10  0  0  0  0  0  0  0  0  0  0  0]
 [ 0  0  0  0  0  0  7  0  0  0  3  0  0  0  0  0  0]
 [ 0  0  0  0  0  0  0 10  0  0  0  0  0  0  0  0  0]
 [ 0  0  0  0  0  0  0  0 10  0  0  0  0  0  0  0  0]
 [ 0  0  0  0  0  0  0  0  0 10  0  0  0  0  0  0  0]
 [ 0  0  0  0  0  0  0  0  0  0 10  0  0  0  0  0  0]
 [ 0  0  0  0  0  0  0  0  0  0  0 10  0  0  0  0  0]
 [ 0  0  0  0  0  0  0  0  0  0  0  0 10  0  0  0  0]
 [ 0  0  0  0  0  0  0  0  0  0  0  0  0 10  0  0  0]
 [ 0  0  0  0  0  0  0  0  0  0  0  0  0  0 10  0  0]
 [ 0  0  0  0  0  0  0  0  0  0  0  0  0  0  0 10  0]
 [ 0  0  0  0  0  0  0  0  0  0  0  0  0  0  0  0 10]]
fold 3/3 accuracy: 1.0
 [0, 1, 2, 3, 4, 5, 6, 7, 8, 9, 10, 11, 12, 13, 14, 15, 16]
[[10  0  0  0  0  0  0  0  0  0  0  0  0  0  0  0  0]
 [ 0 10  0  0  0  0  0  0  0  0  0  0  0  0  0  0  0]
 [ 0  0 10  0  0  0  0  0  0  0  0  0  0  0  0  0  0]
 [ 0  0  0 10  0  0  0  0  0  0  0  0  0  0  0  0  0]
 [ 0  0  0  0 10  0  0  0  0  0  0  0  0  0  0  0  0]
 [ 0  0  0  0  0 10  0  0  0  0  0  0  0  0  0  0  0]
 [ 0  0  0  0  0  0 10  0  0  0  0  0  0  0  0  0  0]
 [ 0  0  0  0  0  0  0 10  0  0  0  0  0  0  0  0  0]
 [ 0  0  0  0  0  0  0  0 10  0  0  0  0  0  0  0  0]
 [ 0  0  0  0  0  0  0  0  0 10  0  0  0  0  0  0  0]
 [ 0  0  0  0  0  0  0  0  0  0 10  0  0  0  0  0  0]
 [ 0  0  0  0  0  0  0  0  0  0  0 10  0  0  0  0  0]
 [ 0  0  0  0  0  0  0  0  0  0  0  0 10  0  0  0  0]
 [ 0  0  0  0  0  0  0  0  0  0  0  0  0 10  0  0  0]
 [ 0  0  0  0  0  0  0  0  0  0  0  0  0  0 10  0  0]
 [ 0  0  0  0  0  0  0  0  0  0  0  0  0  0  0 10  0]
 [ 0  0  0  0  0  0  0  0  0  0  0  0  0  0  0  0 10]]
mean accuracy: 0.9333333333333332
3/5: 
fold 1/3 accuracy: 0.9352941176470588
 [0, 1, 2, 3, 4, 5, 6, 7, 8, 9, 10, 11, 12, 13, 14, 15, 16]
[[10  0  0  0  0  0  0  0  0  0  0  0  0  0  0  0  0]
 [ 0 10  0  0  0  0  0  0  0  0  0  0  0  0  0  0  0]
 [ 0  0 10  0  0  0  0  0  0  0  0  0  0  0  0  0  0]
 [ 0  0  0 10  0  0  0  0  0  0  0  0  0  0  0  0  0]
 [ 0  0  0  0 10  0  0  0  0  0  0  0  0  0  0  0  0]
 [ 0  0  0  0  0 10  0  0  0  0  0  0  0  0  0  0  0]
 [ 0  0  0  0  0  0 10  0  0  0  0  0  0  0  0  0  0]
 [ 0  0  0  0  0  0  0 10  0  0  0  0  0  0  0  0  0]
 [ 0  0  0  0  0  0  0  0 10  0  0  0  0  0  0  0  0]
 [ 0  0  0  0  0  0  0  0  0 10  0  0  0  0  0  0  0]
 [ 0  0  0  0  0  0  0  0  0  0 10  0  0  0  0  0  0]
 [ 0  1  0  0  0  0  0  0  0  0  0  9  0  0  0  0  0]
 [ 0  0  0  0  0  0  0  0  0  0  0  0 10  0  0  0  0]
 [ 0  0  0  0  0  0  0  0  0  0  0  0  0 10  0  0  0]
 [ 0  0  0  0  0  0  0  0  0  0  0  7  3  0  0  0  0]
 [ 0  0  0  0  0  0  0  0  0  0  0  0  0  0  0 10  0]
 [ 0  0  0  0  0  0  0  0  0  0  0  0  0  0  0  0 10]]
fold 2/3 accuracy: 0.8941176470588236
 [0, 1, 2, 3, 4, 5, 6, 7, 8, 9, 10, 11, 12, 13, 14, 15, 16]
[[10  0  0  0  0  0  0  0  0  0  0  0  0  0  0  0  0]
 [ 0 10  0  0  0  0  0  0  0  0  0  0  0  0  0  0  0]
 [ 0  0 10  0  0  0  0  0  0  0  0  0  0  0  0  0  0]
 [ 0  0  0 10  0  0  0  0  0  0  0  0  0  0  0  0  0]
 [ 0  0  0  0 10  0  0  0  0  0  0  0  0  0  0  0  0]
 [ 0  0  0  0  0  0  0  0  0  0  0  0 10  0  0  0  0]
 [ 0  0  0  0  0  0  4  0  6  0  0  0  0  0  0  0  0]
 [ 0  0  0  0  0  0  0 10  0  0  0  0  0  0  0  0  0]
 [ 0  0  0  0  0  0  0  0 10  0  0  0  0  0  0  0  0]
 [ 0  0  0  0  0  0  0  0  0 10  0  0  0  0  0  0  0]
 [ 0  0  0  0  0  0  0  0  0  0 10  0  0  0  0  0  0]
 [ 0  0  0  0  0  0  0  0  0  0  0 10  0  0  0  0  0]
 [ 0  0  0  0  0  0  0  0  2  0  0  0  8  0  0  0  0]
 [ 0  0  0  0  0  0  0  0  0  0  0  0  0 10  0  0  0]
 [ 0  0  0  0  0  0  0  0  0  0  0  0  0  0 10  0  0]
 [ 0  0  0  0  0  0  0  0  0  0  0  0  0  0  0 10  0]
 [ 0  0  0  0  0  0  0  0  0  0  0  0  0  0  0  0 10]]
fold 3/3 accuracy: 1.0
 [0, 1, 2, 3, 4, 5, 6, 7, 8, 9, 10, 11, 12, 13, 14, 15, 16]
[[10  0  0  0  0  0  0  0  0  0  0  0  0  0  0  0  0]
 [ 0 10  0  0  0  0  0  0  0  0  0  0  0  0  0  0  0]
 [ 0  0 10  0  0  0  0  0  0  0  0  0  0  0  0  0  0]
 [ 0  0  0 10  0  0  0  0  0  0  0  0  0  0  0  0  0]
 [ 0  0  0  0 10  0  0  0  0  0  0  0  0  0  0  0  0]
 [ 0  0  0  0  0 10  0  0  0  0  0  0  0  0  0  0  0]
 [ 0  0  0  0  0  0 10  0  0  0  0  0  0  0  0  0  0]
 [ 0  0  0  0  0  0  0 10  0  0  0  0  0  0  0  0  0]
 [ 0  0  0  0  0  0  0  0 10  0  0  0  0  0  0  0  0]
 [ 0  0  0  0  0  0  0  0  0 10  0  0  0  0  0  0  0]
 [ 0  0  0  0  0  0  0  0  0  0 10  0  0  0  0  0  0]
 [ 0  0  0  0  0  0  0  0  0  0  0 10  0  0  0  0  0]
 [ 0  0  0  0  0  0  0  0  0  0  0  0 10  0  0  0  0]
 [ 0  0  0  0  0  0  0  0  0  0  0  0  0 10  0  0  0]
 [ 0  0  0  0  0  0  0  0  0  0  0  0  0  0 10  0  0]
 [ 0  0  0  0  0  0  0  0  0  0  0  0  0  0  0 10  0]
 [ 0  0  0  0  0  0  0  0  0  0  0  0  0  0  0  0 10]]
mean accuracy: 0.9431372549019609
4/5: 
fold 1/3 accuracy: 0.8235294117647058
 [0, 1, 2, 3, 4, 5, 6, 7, 8, 9, 10, 11, 12, 13, 14, 15, 16]
[[10  0  0  0  0  0  0  0  0  0  0  0  0  0  0  0  0]
 [ 0 10  0  0  0  0  0  0  0  0  0  0  0  0  0  0  0]
 [ 0  0 10  0  0  0  0  0  0  0  0  0  0  0  0  0  0]
 [ 0  0  0 10  0  0  0  0  0  0  0  0  0  0  0  0  0]
 [ 0  0  0  0 10  0  0  0  0  0  0  0  0  0  0  0  0]
 [ 0  0  0  0  0 10  0  0  0  0  0  0  0  0  0  0  0]
 [ 0  0 10  0  0  0  0  0  0  0  0  0  0  0  0  0  0]
 [ 0  0  0  0  0  0  0 10  0  0  0  0  0  0  0  0  0]
 [ 0  0  0  0  0  0  0  0 10  0  0  0  0  0  0  0  0]
 [ 0  0  0  0  0  0  0  0  0 10  0  0  0  0  0  0  0]
 [ 0  0  0  0  0  0  0  0  0  0 10  0  0  0  0  0  0]
 [ 0  0  0  0  0  0  0  0  0  0  0 10  0  0  0  0  0]
 [ 0  0  0  0  0  0  0  0 10  0  0  0  0  0  0  0  0]
 [ 0  0  0  0  0  0  8  0  2  0  0  0  0  0  0  0  0]
 [ 0  0  0  0  0  0  0  0  0  0  0  0  0  0 10  0  0]
 [ 0  0  0  0  0  0  0  0  0  0  0  0  0  0  0 10  0]
 [ 0  0  0  0  0  0  0  0  0  0  0  0  0  0  0  0 10]]
fold 2/3 accuracy: 0.8235294117647058
 [0, 1, 2, 3, 4, 5, 6, 7, 8, 9, 10, 11, 12, 13, 14, 15, 16]
[[10  0  0  0  0  0  0  0  0  0  0  0  0  0  0  0  0]
 [ 0 10  0  0  0  0  0  0  0  0  0  0  0  0  0  0  0]
 [ 0  0 10  0  0  0  0  0  0  0  0  0  0  0  0  0  0]
 [ 0  0  0 10  0  0  0  0  0  0  0  0  0  0  0  0  0]
 [ 0  0  0  0 10  0  0  0  0  0  0  0  0  0  0  0  0]
 [ 0  0  0  0  0 10  0  0  0  0  0  0  0  0  0  0  0]
 [ 0  0  0  1  0  0  0  0  0  0  0  9  0  0  0  0  0]
 [ 0  0  0  0  0  0  0 10  0  0  0  0  0  0  0  0  0]
 [ 0  0  0  0  0  0  0  0  0  0  0 10  0  0  0  0  0]
 [ 0  0  0  0  0  0  0  0  0 10  0  0  0  0  0  0  0]
 [ 0  0  0  0  0  0  0  0  0  0 10  0  0  0  0  0  0]
 [ 0  0  0  0  0  0  0  0  0  0  0 10  0  0  0  0  0]
 [ 0  0  0  0  0  0  0  0  0  0  0 10  0  0  0  0  0]
 [ 0  0  0  0  0  0  0  0  0  0  0  0  0 10  0  0  0]
 [ 0  0  0  0  0  0  0  0  0  0  0  0  0  0 10  0  0]
 [ 0  0  0  0  0  0  0  0  0  0  0  0  0  0  0 10  0]
 [ 0  0  0  0  0  0  0  0  0  0  0  0  0  0  0  0 10]]
fold 3/3 accuracy: 0.9764705882352941
 [0, 1, 2, 3, 4, 5, 6, 7, 8, 9, 10, 11, 12, 13, 14, 15, 16]
[[10  0  0  0  0  0  0  0  0  0  0  0  0  0  0  0  0]
 [ 0 10  0  0  0  0  0  0  0  0  0  0  0  0  0  0  0]
 [ 0  0 10  0  0  0  0  0  0  0  0  0  0  0  0  0  0]
 [ 0  0  0 10  0  0  0  0  0  0  0  0  0  0  0  0  0]
 [ 0  0  0  0 10  0  0  0  0  0  0  0  0  0  0  0  0]
 [ 0  0  0  0  0 10  0  0  0  0  0  0  0  0  0  0  0]
 [ 0  0  0  0  0  0  6  0  4  0  0  0  0  0  0  0  0]
 [ 0  0  0  0  0  0  0 10  0  0  0  0  0  0  0  0  0]
 [ 0  0  0  0  0  0  0  0 10  0  0  0  0  0  0  0  0]
 [ 0  0  0  0  0  0  0  0  0 10  0  0  0  0  0  0  0]
 [ 0  0  0  0  0  0  0  0  0  0 10  0  0  0  0  0  0]
 [ 0  0  0  0  0  0  0  0  0  0  0 10  0  0  0  0  0]
 [ 0  0  0  0  0  0  0  0  0  0  0  0 10  0  0  0  0]
 [ 0  0  0  0  0  0  0  0  0  0  0  0  0 10  0  0  0]
 [ 0  0  0  0  0  0  0  0  0  0  0  0  0  0 10  0  0]
 [ 0  0  0  0  0  0  0  0  0  0  0  0  0  0  0 10  0]
 [ 0  0  0  0  0  0  0  0  0  0  0  0  0  0  0  0 10]]
mean accuracy: 0.8745098039215686
5/5: 
fold 1/3 accuracy: 0.7647058823529411
 [0, 1, 2, 3, 4, 5, 6, 7, 8, 9, 10, 11, 12, 13, 14, 15, 16]
[[10  0  0  0  0  0  0  0  0  0  0  0  0  0  0  0  0]
 [ 0 10  0  0  0  0  0  0  0  0  0  0  0  0  0  0  0]
 [ 0  0 10  0  0  0  0  0  0  0  0  0  0  0  0  0  0]
 [ 0  0  0  9  0  0  1  0  0  0  0  0  0  0  0  0  0]
 [ 0  0  0  0 10  0  0  0  0  0  0  0  0  0  0  0  0]
 [ 0  0  0  0  0 10  0  0  0  0  0  0  0  0  0  0  0]
 [ 0  0  0  0  0  0  0  0 10  0  0  0  0  0  0  0  0]
 [ 0  0  0  0  0  0  0 10  0  0  0  0  0  0  0  0  0]
 [ 0  0  0  0  0  0  0  0 10  0  0  0  0  0  0  0  0]
 [ 0  0  0  0  0  0  0  0  0 10  0  0  0  0  0  0  0]
 [ 0  0  0  0  0  0  0  0  0  0 10  0  0  0  0  0  0]
 [ 0  1  0  0  0  0  0  0  9  0  0  0  0  0  0  0  0]
 [ 0  0  0  0  0  0  0  0  5  0  0  0  5  0  0  0  0]
 [ 0  0  0  0  0  0  0  4  0  0  0  0  0  6  0  0  0]
 [ 0  0  0  0  0  0  0  0  0  0  0  0  0  0 10  0  0]
 [ 2  0  0  0  0  0  0  0  0  0  0  8  0  0  0  0  0]
 [ 0  0  0  0  0  0  0  0  0  0  0  0  0  0  0  0 10]]
fold 2/3 accuracy: 0.9
 [0, 1, 2, 3, 4, 5, 6, 7, 8, 9, 10, 11, 12, 13, 14, 15, 16]
[[10  0  0  0  0  0  0  0  0  0  0  0  0  0  0  0  0]
 [ 0 10  0  0  0  0  0  0  0  0  0  0  0  0  0  0  0]
 [ 0  0 10  0  0  0  0  0  0  0  0  0  0  0  0  0  0]
 [ 0  0  0 10  0  0  0  0  0  0  0  0  0  0  0  0  0]
 [ 0  0  0  0 10  0  0  0  0  0  0  0  0  0  0  0  0]
 [ 0  0  0  0  0  0  0  0  0  0  0  3  0  0  0  7  0]
 [ 0  7  0  0  0  0  3  0  0  0  0  0  0  0  0  0  0]
 [ 0  0  0  0  0  0  0 10  0  0  0  0  0  0  0  0  0]
 [ 0  0  0  0  0  0  0  0 10  0  0  0  0  0  0  0  0]
 [ 0  0  0  0  0  0  0  0  0 10  0  0  0  0  0  0  0]
 [ 0  0  0  0  0  0  0  0  0  0 10  0  0  0  0  0  0]
 [ 0  0  0  0  0  0  0  0  0  0  0 10  0  0  0  0  0]
 [ 0  0  0  0  0  0  0  0  0  0  0  0 10  0  0  0  0]
 [ 0  0  0  0  0  0  0  0  0  0  0  0  0 10  0  0  0]
 [ 0  0  0  0  0  0  0  0  0  0  0  0  0  0 10  0  0]
 [ 0  0  0  0  0  0  0  0  0  0  0  0  0  0  0 10  0]
 [ 0  0  0  0  0  0  0  0  0  0  0  0  0  0  0  0 10]]
fold 3/3 accuracy: 1.0
 [0, 1, 2, 3, 4, 5, 6, 7, 8, 9, 10, 11, 12, 13, 14, 15, 16]
[[10  0  0  0  0  0  0  0  0  0  0  0  0  0  0  0  0]
 [ 0 10  0  0  0  0  0  0  0  0  0  0  0  0  0  0  0]
 [ 0  0 10  0  0  0  0  0  0  0  0  0  0  0  0  0  0]
 [ 0  0  0 10  0  0  0  0  0  0  0  0  0  0  0  0  0]
 [ 0  0  0  0 10  0  0  0  0  0  0  0  0  0  0  0  0]
 [ 0  0  0  0  0 10  0  0  0  0  0  0  0  0  0  0  0]
 [ 0  0  0  0  0  0 10  0  0  0  0  0  0  0  0  0  0]
 [ 0  0  0  0  0  0  0 10  0  0  0  0  0  0  0  0  0]
 [ 0  0  0  0  0  0  0  0 10  0  0  0  0  0  0  0  0]
 [ 0  0  0  0  0  0  0  0  0 10  0  0  0  0  0  0  0]
 [ 0  0  0  0  0  0  0  0  0  0 10  0  0  0  0  0  0]
 [ 0  0  0  0  0  0  0  0  0  0  0 10  0  0  0  0  0]
 [ 0  0  0  0  0  0  0  0  0  0  0  0 10  0  0  0  0]
 [ 0  0  0  0  0  0  0  0  0  0  0  0  0 10  0  0  0]
 [ 0  0  0  0  0  0  0  0  0  0  0  0  0  0 10  0  0]
 [ 0  0  0  0  0  0  0  0  0  0  0  0  0  0  0 10  0]
 [ 0  0  0  0  0  0  0  0  0  0  0  0  0  0  0  0 10]]
mean accuracy: 0.888235294117647
Model: "model_14"
__________________________________________________________________________________________________
 Layer (type)                Output Shape                 Param #   Connected to                  
==================================================================================================
 input_15 (InputLayer)       [(None, 64000, 18)]          0         []                            
 batch_normalization_14 (Ba  (None, 64000, 18)            72        ['input_15[0][0]']            
 tchNormalization)                                                                                
 tf.__operators__.getitem_8  (None, 64000, 6)             0         ['batch_normalization_14[0][0]
 4 (SlicingOpLambda)                                                ']                            
 tf.__operators__.getitem_8  (None, 64000, 3)             0         ['batch_normalization_14[0][0]
 6 (SlicingOpLambda)                                                ']                            
 tf.__operators__.getitem_8  (None, 64000, 9)             0         ['batch_normalization_14[0][0]
 8 (SlicingOpLambda)                                                ']                            
 conv1d_84 (Conv1D)          (None, 7097, 16)             12304     ['tf.__operators__.getitem_84[
                                                                    0][0]']                       
 conv1d_86 (Conv1D)          (None, 7097, 16)             6160      ['tf.__operators__.getitem_86[
                                                                    0][0]']                       
 conv1d_88 (Conv1D)          (None, 7097, 16)             18448     ['tf.__operators__.getitem_88[
                                                                    0][0]']                       
 layer_normalization_84 (La  (None, 7097, 16)             32        ['conv1d_84[0][0]']           
 yerNormalization)                                                                                
 layer_normalization_86 (La  (None, 7097, 16)             32        ['conv1d_86[0][0]']           
 yerNormalization)                                                                                
 layer_normalization_88 (La  (None, 7097, 16)             32        ['conv1d_88[0][0]']           
 yerNormalization)                                                                                
 tf.__operators__.getitem_8  (None, 7097, 6)              0         ['layer_normalization_84[0][0]
 5 (SlicingOpLambda)                                                ']                            
 tf.__operators__.getitem_8  (None, 7097, 3)              0         ['layer_normalization_86[0][0]
 7 (SlicingOpLambda)                                                ']                            
 tf.__operators__.getitem_8  (None, 7097, 7)              0         ['layer_normalization_88[0][0]
 9 (SlicingOpLambda)                                                ']                            
 conv1d_85 (Conv1D)          (None, 775, 32)              24608     ['tf.__operators__.getitem_85[
                                                                    0][0]']                       
 conv1d_87 (Conv1D)          (None, 775, 32)              12320     ['tf.__operators__.getitem_87[
                                                                    0][0]']                       
 conv1d_89 (Conv1D)          (None, 775, 32)              28704     ['tf.__operators__.getitem_89[
                                                                    0][0]']                       
 layer_normalization_85 (La  (None, 775, 32)              64        ['conv1d_85[0][0]']           
 yerNormalization)                                                                                
 layer_normalization_87 (La  (None, 775, 32)              64        ['conv1d_87[0][0]']           
 yerNormalization)                                                                                
 layer_normalization_89 (La  (None, 775, 32)              64        ['conv1d_89[0][0]']           
 yerNormalization)                                                                                
 global_average_pooling1d_4  (None, 32)                   0         ['layer_normalization_85[0][0]
 2 (GlobalAveragePooling1D)                                         ']                            
 global_average_pooling1d_4  (None, 32)                   0         ['layer_normalization_87[0][0]
 3 (GlobalAveragePooling1D)                                         ']                            
 global_average_pooling1d_4  (None, 32)                   0         ['layer_normalization_89[0][0]
 4 (GlobalAveragePooling1D)                                         ']                            
 dense_56 (Dense)            (None, 8)                    264       ['global_average_pooling1d_42[
                                                                    0][0]']                       
 dense_57 (Dense)            (None, 4)                    132       ['global_average_pooling1d_43[
                                                                    0][0]']                       
 dense_58 (Dense)            (None, 4)                    132       ['global_average_pooling1d_44[
                                                                    0][0]']                       
 concatenate_14 (Concatenat  (None, 16)                   0         ['dense_56[0][0]',            
 e)                                                                  'dense_57[0][0]',            
                                                                     'dense_58[0][0]']            
 dense_59 (Dense)            (None, 17)                   289       ['concatenate_14[0][0]']      
 activation_14 (Activation)  (None, 17)                   0         ['dense_59[0][0]']            
==================================================================================================
Total params: 103721 (405.16 KB)
Trainable params: 103685 (405.02 KB)
Non-trainable params: 36 (144.00 Byte)
__________________________________________________________________________________________________
None
total mean accuracy: 0.9101960784313725
Total processing time: 854.82
