  -------
|  Kfold  |
  -------
  loading acquisitions 100.00 %  (153 examples) | labels: {0, 1, 2, 3, 4, 5, 6, 7, 8, 9, 10, 11, 12, 13, 14, 15, 16}
PHM (all_tr)
1/5: 
fold 1/3 accuracy: 0.17647058823529413
 [0, 1, 2, 3, 4, 5, 6, 7, 8, 9, 10, 11, 12, 13, 14, 15, 16]
[[0 0 0 0 0 0 0 3 0 0 0 0 0 0 0 0 0]
 [0 0 0 0 0 0 0 3 0 0 0 0 0 0 0 0 0]
 [0 0 0 0 3 0 0 0 0 0 0 0 0 0 0 0 0]
 [0 0 0 0 3 0 0 0 0 0 0 0 0 0 0 0 0]
 [0 0 0 0 3 0 0 0 0 0 0 0 0 0 0 0 0]
 [0 0 0 0 3 0 0 0 0 0 0 0 0 0 0 0 0]
 [0 0 0 0 0 0 3 0 0 0 0 0 0 0 0 0 0]
 [0 0 0 0 0 0 0 3 0 0 0 0 0 0 0 0 0]
 [0 0 0 0 0 0 3 0 0 0 0 0 0 0 0 0 0]
 [0 0 0 0 3 0 0 0 0 0 0 0 0 0 0 0 0]
 [0 0 0 0 0 0 3 0 0 0 0 0 0 0 0 0 0]
 [0 0 0 0 0 0 3 0 0 0 0 0 0 0 0 0 0]
 [0 0 0 0 0 0 3 0 0 0 0 0 0 0 0 0 0]
 [0 0 0 0 3 0 0 0 0 0 0 0 0 0 0 0 0]
 [0 0 0 0 3 0 0 0 0 0 0 0 0 0 0 0 0]
 [0 0 0 0 3 0 0 0 0 0 0 0 0 0 0 0 0]
 [0 0 0 0 3 0 0 0 0 0 0 0 0 0 0 0 0]]
fold 2/3 accuracy: 0.17647058823529413
 [0, 1, 2, 3, 4, 5, 6, 7, 8, 9, 10, 11, 12, 13, 14, 15, 16]
[[1 0 0 0 0 0 0 2 0 0 0 0 0 0 0 0 0]
 [0 0 0 0 0 0 3 0 0 0 0 0 0 0 0 0 0]
 [0 0 0 0 0 0 0 0 0 3 0 0 0 0 0 0 0]
 [0 0 0 0 0 0 0 0 0 3 0 0 0 0 0 0 0]
 [0 0 0 0 0 0 0 0 0 3 0 0 0 0 0 0 0]
 [0 0 0 0 0 0 0 0 0 3 0 0 0 0 0 0 0]
 [0 0 0 0 0 0 3 0 0 0 0 0 0 0 0 0 0]
 [0 1 0 0 0 0 0 2 0 0 0 0 0 0 0 0 0]
 [0 0 0 0 0 0 3 0 0 0 0 0 0 0 0 0 0]
 [0 0 0 0 0 0 0 0 0 3 0 0 0 0 0 0 0]
 [0 0 0 0 0 0 3 0 0 0 0 0 0 0 0 0 0]
 [0 0 0 0 0 0 3 0 0 0 0 0 0 0 0 0 0]
 [0 0 0 0 0 0 2 0 1 0 0 0 0 0 0 0 0]
 [0 0 0 0 0 0 0 0 0 3 0 0 0 0 0 0 0]
 [0 0 0 0 0 0 0 0 0 3 0 0 0 0 0 0 0]
 [0 0 0 0 0 0 0 0 0 3 0 0 0 0 0 0 0]
 [0 0 0 0 0 0 0 0 0 3 0 0 0 0 0 0 0]]
fold 3/3 accuracy: 0.0196078431372549
 [0, 1, 2, 3, 4, 5, 6, 7, 8, 9, 10, 11, 12, 13, 14, 15, 16]
[[1 0 0 0 1 0 0 0 0 0 0 1 0 0 0 0 0]
 [0 0 0 0 0 0 0 0 0 0 0 0 3 0 0 0 0]
 [0 0 0 0 0 0 0 0 0 0 0 0 3 0 0 0 0]
 [0 0 0 0 0 0 0 0 0 0 0 0 3 0 0 0 0]
 [0 0 0 0 0 0 0 0 0 0 0 0 3 0 0 0 0]
 [0 0 0 0 0 0 0 0 0 0 0 0 3 0 0 0 0]
 [0 0 0 0 0 0 0 0 0 0 0 0 3 0 0 0 0]
 [0 0 0 0 1 0 0 0 0 0 0 0 2 0 0 0 0]
 [1 0 0 0 0 0 0 0 0 0 0 0 2 0 0 0 0]
 [0 0 0 0 0 0 0 0 0 0 0 0 3 0 0 0 0]
 [1 0 0 0 0 0 0 0 0 0 0 0 2 0 0 0 0]
 [1 0 0 0 0 0 0 0 0 0 0 0 2 0 0 0 0]
 [1 0 0 0 1 0 0 0 0 0 0 1 0 0 0 0 0]
 [0 0 0 0 0 0 0 0 0 0 0 0 3 0 0 0 0]
 [0 0 0 0 0 0 0 0 0 0 0 0 3 0 0 0 0]
 [0 0 0 0 0 0 0 0 0 0 0 0 3 0 0 0 0]
 [0 0 0 0 0 0 0 0 0 0 0 0 3 0 0 0 0]]
mean accuracy: 0.12418300653594772
2/5: 
fold 1/3 accuracy: 0.21568627450980393
 [0, 1, 2, 3, 4, 5, 6, 7, 8, 9, 10, 11, 12, 13, 14, 15, 16]
[[2 0 0 0 0 0 0 1 0 0 0 0 0 0 0 0 0]
 [0 3 0 0 0 0 0 0 0 0 0 0 0 0 0 0 0]
 [0 0 0 0 0 0 0 0 0 0 0 0 3 0 0 0 0]
 [0 0 0 0 0 0 0 0 0 0 0 0 3 0 0 0 0]
 [0 0 0 0 0 0 0 0 0 0 0 0 3 0 0 0 0]
 [0 0 0 0 0 0 0 0 0 0 0 0 3 0 0 0 0]
 [0 0 0 0 0 0 0 0 0 0 0 0 3 0 0 0 0]
 [0 0 0 0 0 0 0 3 0 0 0 0 0 0 0 0 0]
 [0 0 0 0 0 0 0 0 0 0 0 0 3 0 0 0 0]
 [0 0 0 0 0 0 0 0 0 0 0 0 3 0 0 0 0]
 [0 0 0 0 0 0 0 0 0 0 0 0 3 0 0 0 0]
 [0 0 0 0 0 0 0 0 0 0 0 0 3 0 0 0 0]
 [0 0 0 0 0 0 0 0 0 0 0 0 3 0 0 0 0]
 [0 0 0 0 0 0 0 0 0 0 0 0 3 0 0 0 0]
 [0 0 0 0 0 0 0 0 0 0 0 0 3 0 0 0 0]
 [0 0 0 0 0 0 0 0 0 0 0 0 3 0 0 0 0]
 [0 0 0 0 0 0 0 0 0 0 0 0 3 0 0 0 0]]
fold 2/3 accuracy: 0.13725490196078433
 [0, 1, 2, 3, 4, 5, 6, 7, 8, 9, 10, 11, 12, 13, 14, 15, 16]
[[0 3 0 0 0 0 0 0 0 0 0 0 0 0 0 0 0]
 [0 3 0 0 0 0 0 0 0 0 0 0 0 0 0 0 0]
 [0 0 0 0 0 0 3 0 0 0 0 0 0 0 0 0 0]
 [0 0 0 0 0 0 3 0 0 0 0 0 0 0 0 0 0]
 [0 0 0 0 0 0 3 0 0 0 0 0 0 0 0 0 0]
 [0 0 0 0 0 0 3 0 0 0 0 0 0 0 0 0 0]
 [0 0 0 0 0 0 3 0 0 0 0 0 0 0 0 0 0]
 [0 2 0 0 0 0 0 1 0 0 0 0 0 0 0 0 0]
 [0 0 0 0 0 0 3 0 0 0 0 0 0 0 0 0 0]
 [0 0 0 0 0 0 3 0 0 0 0 0 0 0 0 0 0]
 [0 0 0 0 0 0 3 0 0 0 0 0 0 0 0 0 0]
 [0 0 0 0 0 0 3 0 0 0 0 0 0 0 0 0 0]
 [0 0 0 0 0 0 3 0 0 0 0 0 0 0 0 0 0]
 [0 0 0 0 0 0 3 0 0 0 0 0 0 0 0 0 0]
 [0 0 0 0 0 0 3 0 0 0 0 0 0 0 0 0 0]
 [0 0 0 0 0 0 3 0 0 0 0 0 0 0 0 0 0]
 [0 0 0 0 0 0 3 0 0 0 0 0 0 0 0 0 0]]
fold 3/3 accuracy: 0.11764705882352941
 [0, 1, 2, 3, 4, 5, 6, 7, 8, 9, 10, 11, 12, 13, 14, 15, 16]
[[0 0 0 0 0 0 0 0 0 0 0 0 3 0 0 0 0]
 [0 0 0 0 0 0 0 0 0 0 0 0 3 0 0 0 0]
 [0 0 0 0 0 0 0 0 0 0 0 0 3 0 0 0 0]
 [0 0 0 0 0 0 0 0 0 0 0 0 3 0 0 0 0]
 [0 0 0 0 0 0 0 0 0 0 0 0 3 0 0 0 0]
 [0 0 0 0 0 0 0 0 0 0 0 0 3 0 0 0 0]
 [0 0 0 0 0 0 0 0 0 0 0 0 3 0 0 0 0]
 [0 0 0 0 0 0 0 3 0 0 0 0 0 0 0 0 0]
 [0 0 0 0 0 0 0 0 0 0 0 0 3 0 0 0 0]
 [0 0 0 0 0 0 0 0 0 0 0 0 3 0 0 0 0]
 [0 0 0 0 0 0 0 0 0 0 0 0 3 0 0 0 0]
 [0 0 0 0 0 0 0 0 0 0 0 0 3 0 0 0 0]
 [0 0 0 0 0 0 0 0 0 0 0 0 3 0 0 0 0]
 [0 0 0 0 0 0 0 0 0 0 0 0 3 0 0 0 0]
 [0 0 0 0 0 0 0 0 0 0 0 0 3 0 0 0 0]
 [0 0 0 0 0 0 0 0 0 0 0 0 3 0 0 0 0]
 [0 0 0 0 0 0 0 0 0 0 0 0 3 0 0 0 0]]
mean accuracy: 0.1568627450980392
3/5: 
fold 1/3 accuracy: 0.058823529411764705
 [0, 1, 2, 3, 4, 5, 6, 7, 8, 9, 10, 11, 12, 13, 14, 15, 16]
[[0 0 0 0 0 0 0 0 0 0 0 0 0 3 0 0 0]
 [0 0 0 0 0 0 0 0 0 0 0 0 0 3 0 0 0]
 [0 0 0 0 0 0 0 0 0 0 0 0 0 3 0 0 0]
 [0 0 0 0 0 0 0 0 0 0 0 0 0 3 0 0 0]
 [0 0 0 0 0 0 0 0 0 0 0 0 0 3 0 0 0]
 [0 0 0 0 0 0 0 0 0 0 0 0 0 3 0 0 0]
 [0 0 0 0 0 0 0 0 0 0 0 0 0 3 0 0 0]
 [0 0 0 0 0 0 0 0 0 0 0 0 0 3 0 0 0]
 [0 0 0 0 0 0 0 0 0 0 0 0 0 3 0 0 0]
 [0 0 0 0 0 0 0 0 0 0 0 0 0 3 0 0 0]
 [0 0 0 0 0 0 0 0 0 0 0 0 0 3 0 0 0]
 [0 0 0 0 0 0 0 0 0 0 0 0 0 3 0 0 0]
 [0 0 0 0 0 0 0 0 0 0 0 0 0 3 0 0 0]
 [0 0 0 0 0 0 0 0 0 0 0 0 0 3 0 0 0]
 [0 0 0 0 0 0 0 0 0 0 0 0 0 3 0 0 0]
 [0 0 0 0 0 0 0 0 0 0 0 0 0 3 0 0 0]
 [0 0 0 0 0 0 0 0 0 0 0 0 0 3 0 0 0]]
fold 2/3 accuracy: 0.058823529411764705
 [0, 1, 2, 3, 4, 5, 6, 7, 8, 9, 10, 11, 12, 13, 14, 15, 16]
[[0 0 0 0 0 0 0 0 0 0 0 0 0 3 0 0 0]
 [0 0 0 0 0 0 0 0 0 0 0 0 0 3 0 0 0]
 [0 0 0 0 0 0 0 0 0 0 0 0 0 3 0 0 0]
 [0 0 0 0 0 0 0 0 0 0 0 0 0 3 0 0 0]
 [0 0 0 0 0 0 0 0 0 0 0 0 0 3 0 0 0]
 [0 0 0 0 0 0 0 0 0 0 0 0 0 3 0 0 0]
 [0 0 0 0 0 0 0 0 0 0 0 0 0 3 0 0 0]
 [0 0 0 0 0 0 0 0 0 0 0 0 0 3 0 0 0]
 [0 0 0 0 0 0 0 0 0 0 0 0 0 3 0 0 0]
 [0 0 0 0 0 0 0 0 0 0 0 0 0 3 0 0 0]
 [0 0 0 0 0 0 0 0 0 0 0 0 0 3 0 0 0]
 [0 0 0 0 0 0 0 0 0 0 0 0 0 3 0 0 0]
 [0 0 0 0 0 0 0 0 0 0 0 0 0 3 0 0 0]
 [0 0 0 0 0 0 0 0 0 0 0 0 0 3 0 0 0]
 [0 0 0 0 0 0 0 0 0 0 0 0 0 3 0 0 0]
 [0 0 0 0 0 0 0 0 0 0 0 0 0 3 0 0 0]
 [0 0 0 0 0 0 0 0 0 0 0 0 0 3 0 0 0]]
fold 3/3 accuracy: 0.058823529411764705
 [0, 1, 2, 3, 4, 5, 6, 7, 8, 9, 10, 11, 12, 13, 14, 15, 16]
[[0 0 0 0 0 0 0 0 0 0 0 3 0 0 0 0 0]
 [0 0 0 0 0 0 0 0 0 0 0 3 0 0 0 0 0]
 [0 0 0 0 0 0 0 0 0 0 0 3 0 0 0 0 0]
 [0 0 0 0 0 0 0 0 0 0 0 3 0 0 0 0 0]
 [0 0 0 0 0 0 0 0 0 0 0 3 0 0 0 0 0]
 [0 0 0 0 0 0 0 0 0 0 0 3 0 0 0 0 0]
 [0 0 0 0 0 0 0 0 0 0 0 3 0 0 0 0 0]
 [0 0 0 0 0 0 0 0 0 0 0 3 0 0 0 0 0]
 [0 0 0 0 0 0 0 0 0 0 0 3 0 0 0 0 0]
 [0 0 0 0 0 0 0 0 0 0 0 3 0 0 0 0 0]
 [0 0 0 0 0 0 0 0 0 0 0 3 0 0 0 0 0]
 [0 0 0 0 0 0 0 0 0 0 0 3 0 0 0 0 0]
 [0 0 0 0 0 0 0 0 0 0 0 3 0 0 0 0 0]
 [0 0 0 0 0 0 0 0 0 0 0 3 0 0 0 0 0]
 [0 0 0 0 0 0 0 0 0 0 0 3 0 0 0 0 0]
 [0 0 0 0 0 0 0 0 0 0 0 3 0 0 0 0 0]
 [0 0 0 0 0 0 0 0 0 0 0 3 0 0 0 0 0]]
mean accuracy: 0.0588235294117647
4/5: 
fold 1/3 accuracy: 0.058823529411764705
 [0, 1, 2, 3, 4, 5, 6, 7, 8, 9, 10, 11, 12, 13, 14, 15, 16]
[[0 0 0 0 0 0 0 0 0 0 0 0 0 3 0 0 0]
 [0 0 0 0 0 0 0 0 0 0 0 0 0 3 0 0 0]
 [0 0 0 0 0 0 0 0 0 0 0 0 0 3 0 0 0]
 [0 0 0 0 0 0 0 0 0 0 0 0 0 3 0 0 0]
 [0 0 0 0 0 0 0 0 0 0 0 0 0 3 0 0 0]
 [0 0 0 0 0 0 0 0 0 0 0 0 0 3 0 0 0]
 [0 0 0 0 0 0 0 0 0 0 0 0 0 3 0 0 0]
 [0 0 0 0 0 0 0 0 0 0 0 0 0 3 0 0 0]
 [0 0 0 0 0 0 0 0 0 0 0 0 0 3 0 0 0]
 [0 0 0 0 0 0 0 0 0 0 0 0 0 3 0 0 0]
 [0 0 0 0 0 0 0 0 0 0 0 0 0 3 0 0 0]
 [0 0 0 0 0 0 0 0 0 0 0 0 0 3 0 0 0]
 [0 0 0 0 0 0 0 0 0 0 0 0 0 3 0 0 0]
 [0 0 0 0 0 0 0 0 0 0 0 0 0 3 0 0 0]
 [0 0 0 0 0 0 0 0 0 0 0 0 0 3 0 0 0]
 [0 0 0 0 0 0 0 0 0 0 0 0 0 3 0 0 0]
 [0 0 0 0 0 0 0 0 0 0 0 0 0 3 0 0 0]]
fold 2/3 accuracy: 0.058823529411764705
 [0, 1, 2, 3, 4, 5, 6, 7, 8, 9, 10, 11, 12, 13, 14, 15, 16]
[[0 0 0 0 0 0 3 0 0 0 0 0 0 0 0 0 0]
 [0 0 0 0 0 0 3 0 0 0 0 0 0 0 0 0 0]
 [0 0 0 0 0 0 3 0 0 0 0 0 0 0 0 0 0]
 [0 0 0 0 0 0 3 0 0 0 0 0 0 0 0 0 0]
 [0 0 0 0 0 0 3 0 0 0 0 0 0 0 0 0 0]
 [0 0 0 0 0 0 3 0 0 0 0 0 0 0 0 0 0]
 [0 0 0 0 0 0 3 0 0 0 0 0 0 0 0 0 0]
 [0 0 0 0 0 0 3 0 0 0 0 0 0 0 0 0 0]
 [0 0 0 0 0 0 3 0 0 0 0 0 0 0 0 0 0]
 [0 0 0 0 0 0 3 0 0 0 0 0 0 0 0 0 0]
 [0 0 0 0 0 0 3 0 0 0 0 0 0 0 0 0 0]
 [0 0 0 0 0 0 3 0 0 0 0 0 0 0 0 0 0]
 [0 0 0 0 0 0 3 0 0 0 0 0 0 0 0 0 0]
 [0 0 0 0 0 0 3 0 0 0 0 0 0 0 0 0 0]
 [0 0 0 0 0 0 3 0 0 0 0 0 0 0 0 0 0]
 [0 0 0 0 0 0 3 0 0 0 0 0 0 0 0 0 0]
 [0 0 0 0 0 0 3 0 0 0 0 0 0 0 0 0 0]]
fold 3/3 accuracy: 0.058823529411764705
 [0, 1, 2, 3, 4, 5, 6, 7, 8, 9, 10, 11, 12, 13, 14, 15, 16]
[[0 0 0 0 0 0 0 0 0 0 3 0 0 0 0 0 0]
 [0 0 0 0 0 0 0 0 0 0 3 0 0 0 0 0 0]
 [0 0 0 0 0 0 0 0 0 0 3 0 0 0 0 0 0]
 [0 0 0 0 0 0 0 0 0 0 3 0 0 0 0 0 0]
 [0 0 0 0 0 0 0 0 0 0 3 0 0 0 0 0 0]
 [0 0 0 0 0 0 0 0 0 0 3 0 0 0 0 0 0]
 [0 0 0 0 0 0 0 0 0 0 3 0 0 0 0 0 0]
 [0 0 0 0 0 0 0 0 0 0 3 0 0 0 0 0 0]
 [0 0 0 0 0 0 0 0 0 0 3 0 0 0 0 0 0]
 [0 0 0 0 0 0 0 0 0 0 3 0 0 0 0 0 0]
 [0 0 0 0 0 0 0 0 0 0 3 0 0 0 0 0 0]
 [0 0 0 0 0 0 0 0 0 0 3 0 0 0 0 0 0]
 [0 0 0 0 0 0 0 0 0 0 3 0 0 0 0 0 0]
 [0 0 0 0 0 0 0 0 0 0 3 0 0 0 0 0 0]
 [0 0 0 0 0 0 0 0 0 0 3 0 0 0 0 0 0]
 [0 0 0 0 0 0 0 0 0 0 3 0 0 0 0 0 0]
 [0 0 0 0 0 0 0 0 0 0 3 0 0 0 0 0 0]]
mean accuracy: 0.0588235294117647
5/5: 
fold 1/3 accuracy: 0.058823529411764705
 [0, 1, 2, 3, 4, 5, 6, 7, 8, 9, 10, 11, 12, 13, 14, 15, 16]
[[0 0 0 0 0 0 0 0 0 0 0 0 3 0 0 0 0]
 [0 0 0 0 0 0 0 0 0 0 0 0 3 0 0 0 0]
 [0 0 0 0 0 0 0 0 0 0 0 0 3 0 0 0 0]
 [0 0 0 0 0 0 0 0 0 0 0 0 3 0 0 0 0]
 [0 0 0 0 0 0 0 0 0 0 0 0 3 0 0 0 0]
 [0 0 0 0 0 0 0 0 0 0 0 0 3 0 0 0 0]
 [0 0 0 0 0 0 0 0 0 0 0 0 3 0 0 0 0]
 [0 0 0 0 0 0 0 0 0 0 0 0 3 0 0 0 0]
 [0 0 0 0 0 0 0 0 0 0 0 0 3 0 0 0 0]
 [0 0 0 0 0 0 0 0 0 0 0 0 3 0 0 0 0]
 [0 0 0 0 0 0 0 0 0 0 0 0 3 0 0 0 0]
 [0 0 0 0 0 0 0 0 0 0 0 0 3 0 0 0 0]
 [0 0 0 0 0 0 0 0 0 0 0 0 3 0 0 0 0]
 [0 0 0 0 0 0 0 0 0 0 0 0 3 0 0 0 0]
 [0 0 0 0 0 0 0 0 0 0 0 0 3 0 0 0 0]
 [0 0 0 0 0 0 0 0 0 0 0 0 3 0 0 0 0]
 [0 0 0 0 0 0 0 0 0 0 0 0 3 0 0 0 0]]
fold 2/3 accuracy: 0.058823529411764705
 [0, 1, 2, 3, 4, 5, 6, 7, 8, 9, 10, 11, 12, 13, 14, 15, 16]
[[0 0 0 0 0 0 0 0 0 0 0 0 0 0 0 3 0]
 [0 0 0 0 0 0 0 0 0 0 0 0 0 0 0 3 0]
 [0 0 0 0 0 0 0 0 0 0 0 0 0 0 0 3 0]
 [0 0 0 0 0 0 0 0 0 0 0 0 0 0 0 3 0]
 [0 0 0 0 0 0 0 0 0 0 0 0 0 0 0 3 0]
 [0 0 0 0 0 0 0 0 0 0 0 0 0 0 0 3 0]
 [0 0 0 0 0 0 0 0 0 0 0 0 0 0 0 3 0]
 [0 0 0 0 0 0 0 0 0 0 0 0 0 0 0 3 0]
 [0 0 0 0 0 0 0 0 0 0 0 0 0 0 0 3 0]
 [0 0 0 0 0 0 0 0 0 0 0 0 0 0 0 3 0]
 [0 0 0 0 0 0 0 0 0 0 0 0 0 0 0 3 0]
 [0 0 0 0 0 0 0 0 0 0 0 0 0 0 0 3 0]
 [0 0 0 0 0 0 0 0 0 0 0 0 0 0 0 3 0]
 [0 0 0 0 0 0 0 0 0 0 0 0 0 0 0 3 0]
 [0 0 0 0 0 0 0 0 0 0 0 0 0 0 0 3 0]
 [0 0 0 0 0 0 0 0 0 0 0 0 0 0 0 3 0]
 [0 0 0 0 0 0 0 0 0 0 0 0 0 0 0 3 0]]
fold 3/3 accuracy: 0.058823529411764705
 [0, 1, 2, 3, 4, 5, 6, 7, 8, 9, 10, 11, 12, 13, 14, 15, 16]
[[0 0 0 0 0 3 0 0 0 0 0 0 0 0 0 0 0]
 [0 0 0 0 0 3 0 0 0 0 0 0 0 0 0 0 0]
 [0 0 0 0 0 3 0 0 0 0 0 0 0 0 0 0 0]
 [0 0 0 0 0 3 0 0 0 0 0 0 0 0 0 0 0]
 [0 0 0 0 0 3 0 0 0 0 0 0 0 0 0 0 0]
 [0 0 0 0 0 3 0 0 0 0 0 0 0 0 0 0 0]
 [0 0 0 0 0 3 0 0 0 0 0 0 0 0 0 0 0]
 [0 0 0 0 0 3 0 0 0 0 0 0 0 0 0 0 0]
 [0 0 0 0 0 3 0 0 0 0 0 0 0 0 0 0 0]
 [0 0 0 0 0 3 0 0 0 0 0 0 0 0 0 0 0]
 [0 0 0 0 0 3 0 0 0 0 0 0 0 0 0 0 0]
 [0 0 0 0 0 3 0 0 0 0 0 0 0 0 0 0 0]
 [0 0 0 0 0 3 0 0 0 0 0 0 0 0 0 0 0]
 [0 0 0 0 0 3 0 0 0 0 0 0 0 0 0 0 0]
 [0 0 0 0 0 3 0 0 0 0 0 0 0 0 0 0 0]
 [0 0 0 0 0 3 0 0 0 0 0 0 0 0 0 0 0]
 [0 0 0 0 0 3 0 0 0 0 0 0 0 0 0 0 0]]
mean accuracy: 0.0588235294117647
total mean accuracy: 0.09150326797385622
Total processing time: 2533.72
