  -------
|  Kfold  |
  -------
  loading acquisitions 100.00 %  (153 examples) | labels: {0, 1, 2, 3, 4, 5, 6, 7, 8, 9, 10, 11, 12, 13, 14, 15, 16}
PHM (all_tr)
1/10: 
fold 1/3 accuracy: 0.29411764705882354
 [0, 1, 2, 3, 4, 5, 6, 7, 8, 9, 10, 11, 12, 13, 14, 15, 16]
[[0 0 0 0 0 0 0 3 0 0 0 0 0 0 0 0 0]
 [0 3 0 0 0 0 0 0 0 0 0 0 0 0 0 0 0]
 [0 0 0 0 0 0 0 0 0 0 0 0 0 3 0 0 0]
 [0 0 0 0 0 0 0 0 0 0 0 0 0 3 0 0 0]
 [0 0 0 0 3 0 0 0 0 0 0 0 0 0 0 0 0]
 [0 0 0 0 0 0 0 0 0 2 0 0 0 1 0 0 0]
 [0 0 0 0 0 0 0 0 0 0 0 3 0 0 0 0 0]
 [0 0 0 0 0 0 0 3 0 0 0 0 0 0 0 0 0]
 [0 0 0 0 0 0 0 0 0 0 0 3 0 0 0 0 0]
 [0 0 0 0 0 0 0 0 0 0 0 0 0 3 0 0 0]
 [0 0 0 0 0 0 0 0 0 0 0 3 0 0 0 0 0]
 [0 0 0 0 0 0 0 0 0 0 0 3 0 0 0 0 0]
 [0 0 0 0 0 0 0 0 0 0 0 3 0 0 0 0 0]
 [0 0 0 0 0 0 0 0 0 0 0 0 0 3 0 0 0]
 [0 0 0 0 0 0 0 0 0 0 0 0 0 3 0 0 0]
 [0 0 0 0 0 0 0 0 0 0 0 0 0 3 0 0 0]
 [0 0 0 0 0 0 0 0 0 0 0 0 0 3 0 0 0]]
fold 2/3 accuracy: 0.5490196078431373
 [0, 1, 2, 3, 4, 5, 6, 7, 8, 9, 10, 11, 12, 13, 14, 15, 16]
[[0 0 0 0 0 0 0 3 0 0 0 0 0 0 0 0 0]
 [0 3 0 0 0 0 0 0 0 0 0 0 0 0 0 0 0]
 [0 0 1 0 0 0 0 0 0 0 0 0 0 2 0 0 0]
 [0 0 0 3 0 0 0 0 0 0 0 0 0 0 0 0 0]
 [0 0 0 0 1 0 0 0 0 0 0 0 0 0 0 2 0]
 [0 0 0 0 0 3 0 0 0 0 0 0 0 0 0 0 0]
 [0 0 0 0 0 0 3 0 0 0 0 0 0 0 0 0 0]
 [0 0 0 0 0 0 0 3 0 0 0 0 0 0 0 0 0]
 [0 0 0 0 0 0 1 0 0 0 0 0 2 0 0 0 0]
 [0 0 0 0 0 0 0 0 0 0 0 0 0 2 0 1 0]
 [0 0 0 0 0 0 3 0 0 0 0 0 0 0 0 0 0]
 [0 0 0 0 0 0 0 0 0 0 0 2 1 0 0 0 0]
 [0 0 0 0 0 0 0 0 1 0 0 0 2 0 0 0 0]
 [0 0 0 0 0 0 0 0 0 0 0 0 0 3 0 0 0]
 [0 0 0 0 0 0 0 0 0 0 0 0 0 2 1 0 0]
 [0 0 0 0 0 0 0 0 0 0 0 0 0 0 0 3 0]
 [0 0 0 0 0 0 0 0 0 0 0 0 0 0 0 3 0]]
fold 3/3 accuracy: 0.6862745098039216
 [0, 1, 2, 3, 4, 5, 6, 7, 8, 9, 10, 11, 12, 13, 14, 15, 16]
[[1 0 0 0 0 0 0 0 0 0 0 2 0 0 0 0 0]
 [0 3 0 0 0 0 0 0 0 0 0 0 0 0 0 0 0]
 [0 0 3 0 0 0 0 0 0 0 0 0 0 0 0 0 0]
 [0 0 0 3 0 0 0 0 0 0 0 0 0 0 0 0 0]
 [0 0 0 0 3 0 0 0 0 0 0 0 0 0 0 0 0]
 [0 0 0 0 1 2 0 0 0 0 0 0 0 0 0 0 0]
 [0 0 0 0 0 0 0 0 1 0 2 0 0 0 0 0 0]
 [0 0 0 0 0 0 0 3 0 0 0 0 0 0 0 0 0]
 [0 0 0 0 0 0 0 0 0 0 2 1 0 0 0 0 0]
 [0 0 2 0 0 0 0 0 0 1 0 0 0 0 0 0 0]
 [0 0 0 0 0 0 0 0 0 0 2 0 1 0 0 0 0]
 [0 0 0 0 0 0 0 0 0 0 0 3 0 0 0 0 0]
 [0 0 0 0 0 0 0 0 0 0 0 1 2 0 0 0 0]
 [0 0 0 0 0 0 0 0 0 0 0 0 0 3 0 0 0]
 [0 0 0 0 0 0 0 0 0 0 0 0 0 0 3 0 0]
 [0 0 0 0 0 0 0 0 0 0 0 0 0 0 0 3 0]
 [0 0 0 0 0 0 0 0 0 0 0 0 0 2 0 1 0]]
mean accuracy: 0.5098039215686275
2/10: 
fold 1/3 accuracy: 0.49019607843137253
 [0, 1, 2, 3, 4, 5, 6, 7, 8, 9, 10, 11, 12, 13, 14, 15, 16]
[[0 0 0 0 0 0 0 3 0 0 0 0 0 0 0 0 0]
 [0 3 0 0 0 0 0 0 0 0 0 0 0 0 0 0 0]
 [0 0 3 0 0 0 0 0 0 0 0 0 0 0 0 0 0]
 [0 0 0 3 0 0 0 0 0 0 0 0 0 0 0 0 0]
 [0 0 3 0 0 0 0 0 0 0 0 0 0 0 0 0 0]
 [0 0 0 2 0 1 0 0 0 0 0 0 0 0 0 0 0]
 [0 0 0 0 0 0 1 0 0 0 0 2 0 0 0 0 0]
 [0 0 0 0 0 0 0 3 0 0 0 0 0 0 0 0 0]
 [0 0 0 0 0 0 2 0 0 0 0 1 0 0 0 0 0]
 [0 0 0 0 0 0 0 0 0 3 0 0 0 0 0 0 0]
 [0 0 0 0 0 0 2 0 0 0 0 1 0 0 0 0 0]
 [0 0 0 0 0 0 1 0 0 0 0 2 0 0 0 0 0]
 [0 0 0 0 0 0 1 0 0 0 0 2 0 0 0 0 0]
 [0 0 0 0 0 0 0 0 0 0 0 0 0 3 0 0 0]
 [0 0 0 0 0 0 0 0 0 0 0 0 0 0 3 0 0]
 [0 0 1 0 0 0 0 0 0 0 0 0 0 2 0 0 0]
 [0 0 0 0 0 0 0 0 0 0 0 0 0 3 0 0 0]]
fold 2/3 accuracy: 0.4117647058823529
 [0, 1, 2, 3, 4, 5, 6, 7, 8, 9, 10, 11, 12, 13, 14, 15, 16]
[[0 0 0 0 0 0 0 3 0 0 0 0 0 0 0 0 0]
 [0 3 0 0 0 0 0 0 0 0 0 0 0 0 0 0 0]
 [0 0 3 0 0 0 0 0 0 0 0 0 0 0 0 0 0]
 [0 0 0 3 0 0 0 0 0 0 0 0 0 0 0 0 0]
 [0 0 3 0 0 0 0 0 0 0 0 0 0 0 0 0 0]
 [0 0 0 0 0 3 0 0 0 0 0 0 0 0 0 0 0]
 [0 0 0 0 0 0 0 0 3 0 0 0 0 0 0 0 0]
 [0 0 0 0 0 0 0 3 0 0 0 0 0 0 0 0 0]
 [0 0 0 0 0 0 0 0 3 0 0 0 0 0 0 0 0]
 [0 0 2 0 0 0 0 0 0 1 0 0 0 0 0 0 0]
 [0 0 0 0 0 0 0 0 3 0 0 0 0 0 0 0 0]
 [0 0 0 0 0 0 0 0 1 0 0 2 0 0 0 0 0]
 [0 0 0 0 0 0 0 0 3 0 0 0 0 0 0 0 0]
 [0 0 3 0 0 0 0 0 0 0 0 0 0 0 0 0 0]
 [0 0 2 0 0 0 0 0 0 0 0 0 0 0 0 1 0]
 [0 0 0 1 0 0 0 0 0 0 0 0 0 2 0 0 0]
 [0 0 0 0 0 0 0 0 0 0 0 0 0 3 0 0 0]]
fold 3/3 accuracy: 0.7254901960784313
 [0, 1, 2, 3, 4, 5, 6, 7, 8, 9, 10, 11, 12, 13, 14, 15, 16]
[[2 0 0 0 0 0 0 1 0 0 0 0 0 0 0 0 0]
 [0 3 0 0 0 0 0 0 0 0 0 0 0 0 0 0 0]
 [0 0 3 0 0 0 0 0 0 0 0 0 0 0 0 0 0]
 [0 0 0 3 0 0 0 0 0 0 0 0 0 0 0 0 0]
 [0 0 0 0 3 0 0 0 0 0 0 0 0 0 0 0 0]
 [0 0 0 0 0 3 0 0 0 0 0 0 0 0 0 0 0]
 [0 0 0 0 0 0 0 0 0 0 0 0 3 0 0 0 0]
 [0 0 0 0 0 0 0 3 0 0 0 0 0 0 0 0 0]
 [0 0 0 0 0 0 0 0 2 0 0 0 1 0 0 0 0]
 [0 0 0 0 0 0 0 0 0 3 0 0 0 0 0 0 0]
 [0 0 0 0 0 0 0 0 1 0 0 2 0 0 0 0 0]
 [0 0 0 0 0 0 0 0 0 0 0 3 0 0 0 0 0]
 [0 0 0 0 0 0 0 0 2 0 0 1 0 0 0 0 0]
 [0 0 0 0 0 0 0 0 0 0 0 0 0 3 0 0 0]
 [0 0 0 0 0 0 0 0 0 0 0 0 0 0 3 0 0]
 [0 0 0 0 0 0 0 0 0 0 0 0 0 0 0 3 0]
 [0 0 0 0 0 0 0 3 0 0 0 0 0 0 0 0 0]]
mean accuracy: 0.5424836601307189
3/10: 
fold 1/3 accuracy: 0.27450980392156865
 [0, 1, 2, 3, 4, 5, 6, 7, 8, 9, 10, 11, 12, 13, 14, 15, 16]
[[3 0 0 0 0 0 0 0 0 0 0 0 0 0 0 0 0]
 [0 0 0 0 0 0 0 0 0 0 0 0 0 2 1 0 0]
 [0 0 3 0 0 0 0 0 0 0 0 0 0 0 0 0 0]
 [0 0 0 3 0 0 0 0 0 0 0 0 0 0 0 0 0]
 [0 0 3 0 0 0 0 0 0 0 0 0 0 0 0 0 0]
 [0 0 0 2 0 0 0 0 0 0 0 0 0 1 0 0 0]
 [0 0 0 0 0 0 0 0 0 0 0 0 1 0 2 0 0]
 [3 0 0 0 0 0 0 0 0 0 0 0 0 0 0 0 0]
 [0 0 0 0 0 0 0 0 0 0 0 0 0 0 3 0 0]
 [0 0 0 0 0 0 0 0 0 0 0 0 0 0 3 0 0]
 [1 0 0 0 0 0 0 0 0 0 0 0 0 0 2 0 0]
 [0 0 0 3 0 0 0 0 0 0 0 0 0 0 0 0 0]
 [1 0 0 0 0 0 0 0 0 0 0 0 2 0 0 0 0]
 [0 0 0 0 0 0 0 0 0 2 0 0 0 0 1 0 0]
 [0 0 0 0 0 0 0 0 0 0 0 0 0 0 3 0 0]
 [0 0 0 0 0 0 0 0 0 1 0 0 0 0 2 0 0]
 [0 0 0 0 0 0 0 0 0 3 0 0 0 0 0 0 0]]
fold 2/3 accuracy: 0.3137254901960784
 [0, 1, 2, 3, 4, 5, 6, 7, 8, 9, 10, 11, 12, 13, 14, 15, 16]
[[2 0 0 0 0 0 0 1 0 0 0 0 0 0 0 0 0]
 [0 3 0 0 0 0 0 0 0 0 0 0 0 0 0 0 0]
 [0 3 0 0 0 0 0 0 0 0 0 0 0 0 0 0 0]
 [0 2 0 1 0 0 0 0 0 0 0 0 0 0 0 0 0]
 [0 0 0 0 3 0 0 0 0 0 0 0 0 0 0 0 0]
 [0 1 0 0 1 1 0 0 0 0 0 0 0 0 0 0 0]
 [0 0 0 0 0 0 0 0 0 0 3 0 0 0 0 0 0]
 [0 0 0 0 0 0 0 3 0 0 0 0 0 0 0 0 0]
 [0 0 0 0 0 0 0 0 0 0 3 0 0 0 0 0 0]
 [0 3 0 0 0 0 0 0 0 0 0 0 0 0 0 0 0]
 [0 0 0 0 0 0 0 0 0 0 3 0 0 0 0 0 0]
 [0 0 0 0 0 0 0 0 0 0 3 0 0 0 0 0 0]
 [0 0 0 0 0 0 0 0 0 0 3 0 0 0 0 0 0]
 [0 0 3 0 0 0 0 0 0 0 0 0 0 0 0 0 0]
 [0 0 3 0 0 0 0 0 0 0 0 0 0 0 0 0 0]
 [0 3 0 0 0 0 0 0 0 0 0 0 0 0 0 0 0]
 [0 3 0 0 0 0 0 0 0 0 0 0 0 0 0 0 0]]
fold 3/3 accuracy: 0.5490196078431373
 [0, 1, 2, 3, 4, 5, 6, 7, 8, 9, 10, 11, 12, 13, 14, 15, 16]
[[2 0 0 0 0 0 0 1 0 0 0 0 0 0 0 0 0]
 [0 0 0 0 0 0 0 0 0 0 0 0 0 2 0 1 0]
 [0 0 1 0 0 0 0 0 0 2 0 0 0 0 0 0 0]
 [0 0 0 3 0 0 0 0 0 0 0 0 0 0 0 0 0]
 [0 0 0 0 3 0 0 0 0 0 0 0 0 0 0 0 0]
 [0 0 0 0 0 3 0 0 0 0 0 0 0 0 0 0 0]
 [0 0 0 0 0 0 0 0 2 0 1 0 0 0 0 0 0]
 [0 0 0 0 0 0 0 3 0 0 0 0 0 0 0 0 0]
 [0 0 0 0 0 0 0 0 2 1 0 0 0 0 0 0 0]
 [0 0 0 0 0 0 0 0 0 3 0 0 0 0 0 0 0]
 [0 0 0 0 0 0 0 0 3 0 0 0 0 0 0 0 0]
 [0 0 0 0 0 0 0 0 0 0 0 3 0 0 0 0 0]
 [0 0 0 0 0 0 0 0 3 0 0 0 0 0 0 0 0]
 [0 0 0 0 0 0 0 0 0 0 0 0 0 3 0 0 0]
 [0 0 0 0 0 0 0 0 0 0 0 0 0 1 2 0 0]
 [0 0 0 0 0 0 0 0 0 3 0 0 0 0 0 0 0]
 [0 0 1 0 0 0 0 0 0 0 0 0 0 2 0 0 0]]
mean accuracy: 0.3790849673202614
4/10: 
fold 1/3 accuracy: 0.13725490196078433
 [0, 1, 2, 3, 4, 5, 6, 7, 8, 9, 10, 11, 12, 13, 14, 15, 16]
[[0 0 0 0 0 0 0 3 0 0 0 0 0 0 0 0 0]
 [0 0 0 3 0 0 0 0 0 0 0 0 0 0 0 0 0]
 [0 0 0 0 0 0 0 0 0 1 0 0 0 2 0 0 0]
 [0 0 0 0 3 0 0 0 0 0 0 0 0 0 0 0 0]
 [0 0 0 1 0 0 0 0 0 0 0 0 0 2 0 0 0]
 [0 0 0 0 3 0 0 0 0 0 0 0 0 0 0 0 0]
 [0 2 0 0 0 0 1 0 0 0 0 0 0 0 0 0 0]
 [0 0 0 0 0 0 0 3 0 0 0 0 0 0 0 0 0]
 [0 0 0 0 0 0 1 0 0 0 0 0 2 0 0 0 0]
 [1 0 0 1 0 0 0 0 0 0 0 0 0 1 0 0 0]
 [0 0 0 0 1 0 1 0 0 0 0 0 1 0 0 0 0]
 [0 0 0 0 0 0 0 0 0 0 0 2 1 0 0 0 0]
 [0 0 0 0 1 0 2 0 0 0 0 0 0 0 0 0 0]
 [0 0 0 2 0 0 0 0 0 0 0 0 0 1 0 0 0]
 [1 0 0 0 2 0 0 0 0 0 0 0 0 0 0 0 0]
 [0 0 0 0 1 0 0 0 0 1 0 0 0 1 0 0 0]
 [0 0 0 3 0 0 0 0 0 0 0 0 0 0 0 0 0]]
fold 2/3 accuracy: 0.43137254901960786
 [0, 1, 2, 3, 4, 5, 6, 7, 8, 9, 10, 11, 12, 13, 14, 15, 16]
[[0 0 0 0 0 0 0 3 0 0 0 0 0 0 0 0 0]
 [0 0 0 0 0 0 0 0 0 0 0 0 0 0 0 1 2]
 [0 0 1 0 0 0 0 0 0 0 0 0 0 2 0 0 0]
 [0 0 1 2 0 0 0 0 0 0 0 0 0 0 0 0 0]
 [0 0 0 0 0 0 0 0 0 0 0 0 0 2 0 0 1]
 [0 0 0 0 0 3 0 0 0 0 0 0 0 0 0 0 0]
 [0 0 0 0 0 0 0 0 0 0 2 0 1 0 0 0 0]
 [0 0 0 0 0 0 0 3 0 0 0 0 0 0 0 0 0]
 [0 0 0 0 0 0 0 0 0 0 3 0 0 0 0 0 0]
 [0 0 0 0 0 0 0 0 0 2 0 0 0 0 0 0 1]
 [0 0 0 0 0 0 0 0 0 0 3 0 0 0 0 0 0]
 [0 0 0 0 0 0 0 0 0 0 0 3 0 0 0 0 0]
 [0 0 0 0 0 0 0 0 0 0 2 0 1 0 0 0 0]
 [0 0 1 0 0 0 0 0 0 0 0 0 0 1 1 0 0]
 [0 0 0 0 0 0 0 0 0 0 0 0 0 0 3 0 0]
 [0 1 0 0 0 0 0 0 0 0 0 0 0 0 0 0 2]
 [0 2 0 0 0 0 0 0 0 0 0 0 0 1 0 0 0]]
fold 3/3 accuracy: 0.5686274509803921
 [0, 1, 2, 3, 4, 5, 6, 7, 8, 9, 10, 11, 12, 13, 14, 15, 16]
[[1 0 0 0 2 0 0 0 0 0 0 0 0 0 0 0 0]
 [0 3 0 0 0 0 0 0 0 0 0 0 0 0 0 0 0]
 [0 0 3 0 0 0 0 0 0 0 0 0 0 0 0 0 0]
 [0 0 0 3 0 0 0 0 0 0 0 0 0 0 0 0 0]
 [0 0 0 0 3 0 0 0 0 0 0 0 0 0 0 0 0]
 [0 0 0 1 0 1 0 0 0 1 0 0 0 0 0 0 0]
 [0 0 0 0 0 0 1 0 0 0 2 0 0 0 0 0 0]
 [1 0 0 0 0 0 0 2 0 0 0 0 0 0 0 0 0]
 [0 0 0 0 0 0 0 0 0 0 0 0 3 0 0 0 0]
 [0 0 0 0 0 0 0 0 0 3 0 0 0 0 0 0 0]
 [0 0 0 0 0 0 0 0 0 0 0 3 0 0 0 0 0]
 [0 0 0 0 0 0 0 0 0 0 0 3 0 0 0 0 0]
 [0 0 0 0 0 0 0 0 1 0 0 2 0 0 0 0 0]
 [0 0 0 0 0 0 0 0 0 0 0 0 0 3 0 0 0]
 [0 0 0 0 0 0 0 0 0 0 0 0 0 0 3 0 0]
 [0 0 0 0 2 1 0 0 0 0 0 0 0 0 0 0 0]
 [0 0 0 0 0 0 0 0 0 0 0 0 0 0 0 3 0]]
mean accuracy: 0.3790849673202614
5/10: 
fold 1/3 accuracy: 0.2549019607843137
 [0, 1, 2, 3, 4, 5, 6, 7, 8, 9, 10, 11, 12, 13, 14, 15, 16]
[[0 0 0 1 2 0 0 0 0 0 0 0 0 0 0 0 0]
 [0 0 3 0 0 0 0 0 0 0 0 0 0 0 0 0 0]
 [0 0 3 0 0 0 0 0 0 0 0 0 0 0 0 0 0]
 [0 0 0 3 0 0 0 0 0 0 0 0 0 0 0 0 0]
 [0 0 0 2 1 0 0 0 0 0 0 0 0 0 0 0 0]
 [0 0 1 2 0 0 0 0 0 0 0 0 0 0 0 0 0]
 [0 0 0 0 0 0 0 0 3 0 0 0 0 0 0 0 0]
 [0 0 1 0 0 0 0 0 0 0 0 1 0 1 0 0 0]
 [0 0 0 0 0 0 0 0 2 0 0 0 0 0 1 0 0]
 [0 0 2 1 0 0 0 0 0 0 0 0 0 0 0 0 0]
 [0 0 0 0 0 0 0 0 3 0 0 0 0 0 0 0 0]
 [0 0 0 0 0 0 0 0 0 0 0 3 0 0 0 0 0]
 [0 0 0 0 0 0 0 0 3 0 0 0 0 0 0 0 0]
 [0 0 1 0 0 0 0 0 0 0 0 0 0 0 2 0 0]
 [0 0 0 0 0 0 0 0 0 0 0 0 0 2 1 0 0]
 [0 0 1 0 0 0 0 0 0 0 0 0 0 0 2 0 0]
 [0 0 0 0 0 0 0 0 0 0 0 0 0 0 3 0 0]]
fold 2/3 accuracy: 0.11764705882352941
 [0, 1, 2, 3, 4, 5, 6, 7, 8, 9, 10, 11, 12, 13, 14, 15, 16]
[[3 0 0 0 0 0 0 0 0 0 0 0 0 0 0 0 0]
 [0 0 0 0 0 0 0 0 0 0 0 0 3 0 0 0 0]
 [0 0 0 0 1 0 0 0 0 0 0 0 2 0 0 0 0]
 [0 0 0 1 2 0 0 0 0 0 0 0 0 0 0 0 0]
 [0 0 0 0 1 0 0 0 0 0 0 0 0 0 2 0 0]
 [0 0 0 0 1 0 0 0 0 0 0 0 2 0 0 0 0]
 [0 0 0 0 0 0 0 0 2 0 0 0 1 0 0 0 0]
 [3 0 0 0 0 0 0 0 0 0 0 0 0 0 0 0 0]
 [0 0 0 0 0 0 0 1 0 0 0 0 2 0 0 0 0]
 [0 0 0 0 0 0 0 2 0 0 0 0 1 0 0 0 0]
 [0 0 0 0 0 0 0 0 1 0 0 0 2 0 0 0 0]
 [0 0 0 0 0 0 0 0 2 0 0 0 1 0 0 0 0]
 [0 0 0 0 0 0 0 0 3 0 0 0 0 0 0 0 0]
 [0 0 1 0 0 0 1 0 0 0 0 0 0 0 1 0 0]
 [0 0 0 0 2 0 0 0 0 0 0 0 0 0 1 0 0]
 [0 0 0 0 0 0 2 0 0 0 0 0 1 0 0 0 0]
 [0 0 0 0 0 0 1 2 0 0 0 0 0 0 0 0 0]]
fold 3/3 accuracy: 0.5294117647058824
 [0, 1, 2, 3, 4, 5, 6, 7, 8, 9, 10, 11, 12, 13, 14, 15, 16]
[[3 0 0 0 0 0 0 0 0 0 0 0 0 0 0 0 0]
 [0 0 0 0 0 0 0 0 0 0 0 0 0 2 1 0 0]
 [0 0 3 0 0 0 0 0 0 0 0 0 0 0 0 0 0]
 [0 0 0 1 0 0 0 0 0 0 0 2 0 0 0 0 0]
 [0 0 0 0 1 0 0 0 0 2 0 0 0 0 0 0 0]
 [0 0 0 0 0 2 0 0 0 0 0 1 0 0 0 0 0]
 [0 0 0 0 0 0 3 0 0 0 0 0 0 0 0 0 0]
 [0 0 0 0 0 0 0 3 0 0 0 0 0 0 0 0 0]
 [0 0 0 0 0 0 2 0 0 0 1 0 0 0 0 0 0]
 [0 0 0 0 1 0 0 0 0 2 0 0 0 0 0 0 0]
 [0 0 0 0 0 0 0 0 0 0 0 3 0 0 0 0 0]
 [0 0 0 0 0 0 0 0 0 0 0 3 0 0 0 0 0]
 [0 0 0 0 0 0 1 0 0 0 1 0 1 0 0 0 0]
 [0 0 0 0 0 0 0 0 0 0 0 0 0 2 0 1 0]
 [0 0 0 0 0 0 0 0 0 0 0 0 0 0 3 0 0]
 [0 0 0 0 1 0 0 0 0 0 0 1 0 1 0 0 0]
 [0 0 0 0 0 0 0 0 0 0 0 0 0 2 0 1 0]]
mean accuracy: 0.3006535947712418
6/10: 
fold 1/3 accuracy: 0.4117647058823529
 [0, 1, 2, 3, 4, 5, 6, 7, 8, 9, 10, 11, 12, 13, 14, 15, 16]
[[3 0 0 0 0 0 0 0 0 0 0 0 0 0 0 0 0]
 [0 3 0 0 0 0 0 0 0 0 0 0 0 0 0 0 0]
 [0 0 3 0 0 0 0 0 0 0 0 0 0 0 0 0 0]
 [0 0 0 0 0 0 0 0 0 0 0 1 0 1 1 0 0]
 [0 0 3 0 0 0 0 0 0 0 0 0 0 0 0 0 0]
 [0 0 0 0 1 0 0 0 0 0 0 2 0 0 0 0 0]
 [0 0 0 0 0 0 0 0 0 0 0 0 3 0 0 0 0]
 [3 0 0 0 0 0 0 0 0 0 0 0 0 0 0 0 0]
 [0 0 0 0 0 0 0 0 0 0 0 0 3 0 0 0 0]
 [0 0 2 0 0 0 0 0 0 1 0 0 0 0 0 0 0]
 [0 0 0 0 0 0 0 0 0 0 0 1 2 0 0 0 0]
 [0 0 0 0 0 0 0 0 0 0 0 3 0 0 0 0 0]
 [0 0 0 0 0 0 0 0 0 0 0 1 2 0 0 0 0]
 [0 0 0 0 0 0 0 0 0 0 0 0 0 3 0 0 0]
 [0 0 0 0 0 0 0 0 0 0 0 0 0 0 3 0 0]
 [0 0 0 0 1 0 0 0 0 0 0 0 0 1 0 0 1]
 [0 0 1 0 0 0 0 0 0 0 0 0 0 2 0 0 0]]
fold 2/3 accuracy: 0.29411764705882354
 [0, 1, 2, 3, 4, 5, 6, 7, 8, 9, 10, 11, 12, 13, 14, 15, 16]
[[0 0 0 0 0 0 0 3 0 0 0 0 0 0 0 0 0]
 [0 3 0 0 0 0 0 0 0 0 0 0 0 0 0 0 0]
 [0 2 1 0 0 0 0 0 0 0 0 0 0 0 0 0 0]
 [0 2 0 0 0 1 0 0 0 0 0 0 0 0 0 0 0]
 [0 3 0 0 0 0 0 0 0 0 0 0 0 0 0 0 0]
 [0 3 0 0 0 0 0 0 0 0 0 0 0 0 0 0 0]
 [0 0 0 0 0 0 3 0 0 0 0 0 0 0 0 0 0]
 [0 0 0 0 0 0 0 3 0 0 0 0 0 0 0 0 0]
 [0 0 0 0 0 0 3 0 0 0 0 0 0 0 0 0 0]
 [0 0 0 0 0 2 0 0 0 1 0 0 0 0 0 0 0]
 [0 0 0 0 0 0 3 0 0 0 0 0 0 0 0 0 0]
 [0 0 0 0 0 0 1 0 0 0 0 2 0 0 0 0 0]
 [0 0 0 0 0 0 2 0 0 0 0 0 1 0 0 0 0]
 [0 2 1 0 0 0 0 0 0 0 0 0 0 0 0 0 0]
 [0 2 0 0 0 0 0 0 0 0 0 0 0 0 1 0 0]
 [0 3 0 0 0 0 0 0 0 0 0 0 0 0 0 0 0]
 [0 3 0 0 0 0 0 0 0 0 0 0 0 0 0 0 0]]
fold 3/3 accuracy: 0.47058823529411764
 [0, 1, 2, 3, 4, 5, 6, 7, 8, 9, 10, 11, 12, 13, 14, 15, 16]
[[2 0 0 0 0 0 0 1 0 0 0 0 0 0 0 0 0]
 [0 1 1 0 0 0 0 0 0 0 0 0 0 1 0 0 0]
 [0 0 1 0 0 0 0 0 0 2 0 0 0 0 0 0 0]
 [0 0 0 3 0 0 0 0 0 0 0 0 0 0 0 0 0]
 [0 0 0 0 1 0 0 0 0 2 0 0 0 0 0 0 0]
 [0 1 0 0 0 0 0 0 0 2 0 0 0 0 0 0 0]
 [0 0 0 0 0 0 1 0 0 0 0 0 2 0 0 0 0]
 [0 0 0 0 0 0 0 3 0 0 0 0 0 0 0 0 0]
 [0 0 0 0 0 0 0 0 0 0 0 0 3 0 0 0 0]
 [0 0 0 0 0 0 0 0 0 3 0 0 0 0 0 0 0]
 [0 0 0 0 0 0 0 0 0 0 0 0 3 0 0 0 0]
 [0 0 0 0 0 0 0 0 0 0 0 3 0 0 0 0 0]
 [0 0 0 0 0 0 0 0 0 0 0 0 3 0 0 0 0]
 [0 0 0 0 1 0 0 0 0 0 0 0 0 0 2 0 0]
 [0 0 0 0 0 0 0 0 0 0 0 0 0 0 3 0 0]
 [0 0 0 0 0 0 0 0 0 0 0 0 0 0 3 0 0]
 [0 0 0 0 0 0 0 0 0 0 0 0 0 2 0 1 0]]
mean accuracy: 0.392156862745098
7/10: 
fold 1/3 accuracy: 0.0392156862745098
 [0, 1, 2, 3, 4, 5, 6, 7, 8, 9, 10, 11, 12, 13, 14, 15, 16]
[[1 0 0 0 0 0 0 0 0 0 0 1 0 1 0 0 0]
 [0 0 2 0 0 0 0 0 0 0 0 0 0 1 0 0 0]
 [0 0 0 0 2 0 0 0 0 0 0 0 0 1 0 0 0]
 [0 0 2 0 0 0 0 0 0 0 0 0 1 0 0 0 0]
 [0 0 2 0 1 0 0 0 0 0 0 0 0 0 0 0 0]
 [0 0 0 0 1 0 0 2 0 0 0 0 0 0 0 0 0]
 [0 0 0 0 3 0 0 0 0 0 0 0 0 0 0 0 0]
 [0 0 0 0 2 0 0 0 0 1 0 0 0 0 0 0 0]
 [0 0 0 0 2 0 0 0 0 1 0 0 0 0 0 0 0]
 [0 0 2 0 0 0 0 0 0 0 0 0 0 1 0 0 0]
 [0 0 0 0 3 0 0 0 0 0 0 0 0 0 0 0 0]
 [2 0 0 0 1 0 0 0 0 0 0 0 0 0 0 0 0]
 [0 0 0 0 3 0 0 0 0 0 0 0 0 0 0 0 0]
 [0 0 0 0 1 0 2 0 0 0 0 0 0 0 0 0 0]
 [0 0 0 0 0 0 3 0 0 0 0 0 0 0 0 0 0]
 [0 0 0 0 2 0 1 0 0 0 0 0 0 0 0 0 0]
 [0 0 0 0 3 0 0 0 0 0 0 0 0 0 0 0 0]]
fold 2/3 accuracy: 0.1568627450980392
 [0, 1, 2, 3, 4, 5, 6, 7, 8, 9, 10, 11, 12, 13, 14, 15, 16]
[[0 0 0 0 0 0 0 0 0 3 0 0 0 0 0 0 0]
 [0 0 1 1 0 1 0 0 0 0 0 0 0 0 0 0 0]
 [0 0 0 0 3 0 0 0 0 0 0 0 0 0 0 0 0]
 [0 0 0 2 0 1 0 0 0 0 0 0 0 0 0 0 0]
 [0 0 1 0 2 0 0 0 0 0 0 0 0 0 0 0 0]
 [0 0 0 0 2 0 0 0 0 0 0 0 0 0 1 0 0]
 [0 0 0 0 1 0 0 0 0 0 0 1 0 1 0 0 0]
 [0 0 0 0 0 0 0 0 0 3 0 0 0 0 0 0 0]
 [0 0 0 0 2 0 0 0 0 1 0 0 0 0 0 0 0]
 [0 0 0 1 0 0 0 0 0 1 0 0 1 0 0 0 0]
 [0 0 0 0 0 0 0 0 0 1 0 1 0 1 0 0 0]
 [0 0 0 0 0 0 0 0 0 1 0 2 0 0 0 0 0]
 [0 0 0 0 0 0 0 0 0 2 0 1 0 0 0 0 0]
 [0 0 1 0 0 0 0 0 0 0 0 0 0 0 2 0 0]
 [0 0 0 1 0 0 0 0 0 0 0 1 0 0 1 0 0]
 [0 0 2 0 0 0 0 0 0 0 0 0 0 1 0 0 0]
 [0 0 0 0 2 0 0 0 0 0 0 1 0 0 0 0 0]]
fold 3/3 accuracy: 0.3137254901960784
 [0, 1, 2, 3, 4, 5, 6, 7, 8, 9, 10, 11, 12, 13, 14, 15, 16]
[[0 0 0 0 0 0 0 3 0 0 0 0 0 0 0 0 0]
 [0 1 2 0 0 0 0 0 0 0 0 0 0 0 0 0 0]
 [0 0 0 0 2 0 0 1 0 0 0 0 0 0 0 0 0]
 [0 0 0 3 0 0 0 0 0 0 0 0 0 0 0 0 0]
 [0 0 0 1 2 0 0 0 0 0 0 0 0 0 0 0 0]
 [0 0 0 0 0 1 0 1 0 1 0 0 0 0 0 0 0]
 [0 0 0 0 0 0 0 0 1 0 2 0 0 0 0 0 0]
 [0 0 0 0 0 0 0 3 0 0 0 0 0 0 0 0 0]
 [0 0 0 0 0 0 0 0 0 0 2 0 1 0 0 0 0]
 [0 0 0 1 2 0 0 0 0 0 0 0 0 0 0 0 0]
 [0 0 0 0 0 0 0 0 0 0 1 2 0 0 0 0 0]
 [0 0 0 0 0 0 0 0 0 0 0 3 0 0 0 0 0]
 [0 0 0 0 0 0 0 0 0 0 1 1 1 0 0 0 0]
 [0 0 0 0 0 3 0 0 0 0 0 0 0 0 0 0 0]
 [0 0 0 0 0 0 0 2 0 0 0 0 0 0 1 0 0]
 [0 0 0 1 0 0 0 0 0 0 0 2 0 0 0 0 0]
 [0 0 1 0 0 1 0 0 0 0 0 0 0 0 0 1 0]]
mean accuracy: 0.1699346405228758
8/10: 
fold 1/3 accuracy: 0.3137254901960784
 [0, 1, 2, 3, 4, 5, 6, 7, 8, 9, 10, 11, 12, 13, 14, 15, 16]
[[0 0 0 0 0 0 0 3 0 0 0 0 0 0 0 0 0]
 [0 0 0 0 0 0 0 0 0 0 0 0 0 3 0 0 0]
 [0 0 0 0 0 0 0 0 0 0 0 0 0 3 0 0 0]
 [0 0 0 2 0 0 0 0 0 0 0 1 0 0 0 0 0]
 [0 0 0 0 2 0 1 0 0 0 0 0 0 0 0 0 0]
 [0 0 0 0 0 0 0 0 3 0 0 0 0 0 0 0 0]
 [0 0 0 0 0 0 0 0 0 0 0 0 2 1 0 0 0]
 [0 0 0 0 0 0 0 3 0 0 0 0 0 0 0 0 0]
 [0 0 0 0 0 0 0 0 0 0 0 0 1 2 0 0 0]
 [0 0 0 1 2 0 0 0 0 0 0 0 0 0 0 0 0]
 [0 1 0 0 1 0 0 0 0 0 0 1 0 0 0 0 0]
 [0 0 0 1 0 0 0 0 0 0 0 2 0 0 0 0 0]
 [0 0 0 0 0 0 1 0 0 0 0 0 2 0 0 0 0]
 [0 0 0 0 0 0 0 0 0 0 0 0 0 3 0 0 0]
 [0 0 0 0 0 0 0 0 0 0 0 0 0 0 2 1 0]
 [0 0 0 0 0 0 0 0 0 0 0 0 0 3 0 0 0]
 [0 0 0 0 0 0 0 0 0 0 0 0 0 3 0 0 0]]
fold 2/3 accuracy: 0.1568627450980392
 [0, 1, 2, 3, 4, 5, 6, 7, 8, 9, 10, 11, 12, 13, 14, 15, 16]
[[0 1 0 0 0 0 0 0 0 0 0 0 0 2 0 0 0]
 [0 1 0 0 0 0 0 0 0 0 0 0 0 2 0 0 0]
 [0 1 1 0 0 0 0 0 0 0 0 0 0 1 0 0 0]
 [0 0 0 0 0 0 0 0 0 0 0 0 0 3 0 0 0]
 [0 0 1 0 0 0 0 0 0 0 0 0 0 2 0 0 0]
 [0 0 0 0 0 0 0 0 0 0 0 0 0 3 0 0 0]
 [0 0 0 0 0 0 0 0 0 0 0 3 0 0 0 0 0]
 [0 0 0 0 0 0 0 0 0 0 0 0 0 3 0 0 0]
 [0 0 0 0 0 0 0 0 0 0 0 2 1 0 0 0 0]
 [0 0 2 0 0 0 0 0 0 0 0 0 0 1 0 0 0]
 [0 0 0 0 0 0 1 0 0 0 0 2 0 0 0 0 0]
 [0 0 0 0 0 0 0 0 0 0 0 3 0 0 0 0 0]
 [0 0 0 0 0 0 1 0 0 0 0 2 0 0 0 0 0]
 [0 0 2 0 0 0 0 0 0 0 0 0 0 1 0 0 0]
 [0 0 0 0 0 0 0 0 0 0 0 0 0 1 2 0 0]
 [0 0 0 0 0 0 0 0 0 0 0 0 0 3 0 0 0]
 [0 0 1 0 0 0 0 0 0 0 0 0 0 2 0 0 0]]
fold 3/3 accuracy: 0.29411764705882354
 [0, 1, 2, 3, 4, 5, 6, 7, 8, 9, 10, 11, 12, 13, 14, 15, 16]
[[0 0 0 0 0 0 0 3 0 0 0 0 0 0 0 0 0]
 [0 0 0 0 3 0 0 0 0 0 0 0 0 0 0 0 0]
 [0 0 0 1 1 0 0 0 0 0 0 0 0 0 1 0 0]
 [0 0 0 3 0 0 0 0 0 0 0 0 0 0 0 0 0]
 [0 0 0 0 1 0 0 0 0 0 0 1 0 0 1 0 0]
 [0 0 0 0 1 0 0 0 0 0 0 2 0 0 0 0 0]
 [0 0 0 0 0 0 0 0 2 0 0 0 1 0 0 0 0]
 [0 0 0 0 0 0 0 3 0 0 0 0 0 0 0 0 0]
 [0 0 0 0 0 0 0 0 1 0 0 0 2 0 0 0 0]
 [0 0 0 0 3 0 0 0 0 0 0 0 0 0 0 0 0]
 [0 0 0 0 0 0 0 0 0 0 0 3 0 0 0 0 0]
 [0 0 0 0 0 0 0 0 0 0 0 3 0 0 0 0 0]
 [0 0 0 0 0 1 0 0 0 0 0 1 1 0 0 0 0]
 [0 0 0 0 0 0 0 0 0 0 0 0 0 0 3 0 0]
 [0 0 0 0 0 0 0 0 0 0 0 0 0 0 3 0 0]
 [0 0 0 0 1 0 0 0 0 0 0 0 0 0 2 0 0]
 [0 0 0 0 0 0 0 0 0 0 0 0 0 0 3 0 0]]
mean accuracy: 0.2549019607843137
9/10: 
fold 1/3 accuracy: 0.21568627450980393
 [0, 1, 2, 3, 4, 5, 6, 7, 8, 9, 10, 11, 12, 13, 14, 15, 16]
[[0 0 0 0 0 0 0 3 0 0 0 0 0 0 0 0 0]
 [0 0 0 3 0 0 0 0 0 0 0 0 0 0 0 0 0]
 [0 0 0 3 0 0 0 0 0 0 0 0 0 0 0 0 0]
 [0 0 0 2 0 0 0 0 0 0 0 1 0 0 0 0 0]
 [0 0 0 1 0 0 0 0 0 0 0 0 1 0 1 0 0]
 [0 0 0 1 0 0 0 0 0 0 0 0 0 0 2 0 0]
 [0 0 0 0 0 0 0 0 0 0 0 2 1 0 0 0 0]
 [0 0 0 0 0 0 0 3 0 0 0 0 0 0 0 0 0]
 [0 0 0 1 0 0 0 0 0 0 0 1 1 0 0 0 0]
 [0 0 0 3 0 0 0 0 0 0 0 0 0 0 0 0 0]
 [0 0 0 0 0 0 0 0 0 0 0 3 0 0 0 0 0]
 [0 0 0 0 0 0 0 0 0 0 0 3 0 0 0 0 0]
 [0 0 0 1 0 0 0 0 0 0 0 2 0 0 0 0 0]
 [0 0 0 1 0 0 0 0 0 0 0 0 0 0 2 0 0]
 [0 0 0 0 0 0 0 0 0 0 0 0 0 0 3 0 0]
 [0 0 0 0 0 0 0 0 0 0 0 0 0 1 2 0 0]
 [0 0 0 0 0 0 2 0 0 0 0 0 1 0 0 0 0]]
fold 2/3 accuracy: 0.0392156862745098
 [0, 1, 2, 3, 4, 5, 6, 7, 8, 9, 10, 11, 12, 13, 14, 15, 16]
[[0 0 0 0 0 0 2 0 1 0 0 0 0 0 0 0 0]
 [0 0 0 0 2 0 0 0 0 0 0 0 1 0 0 0 0]
 [0 0 0 0 1 0 1 0 0 0 0 0 1 0 0 0 0]
 [0 0 0 0 0 0 1 0 0 0 0 0 2 0 0 0 0]
 [0 0 0 0 0 0 1 0 0 0 0 0 2 0 0 0 0]
 [0 0 0 0 0 0 1 0 0 0 0 0 2 0 0 0 0]
 [0 0 0 0 0 0 0 0 0 0 0 0 2 0 1 0 0]
 [0 0 0 0 0 0 1 0 0 1 1 0 0 0 0 0 0]
 [0 0 0 0 0 0 0 0 0 0 0 0 1 0 2 0 0]
 [0 0 0 0 0 0 0 0 0 0 0 0 3 0 0 0 0]
 [0 0 0 0 0 0 2 0 0 0 0 0 0 0 1 0 0]
 [0 0 0 0 0 0 0 0 0 0 0 0 1 0 0 0 2]
 [0 0 0 0 1 0 0 0 0 0 0 0 2 0 0 0 0]
 [0 0 0 0 0 0 1 0 0 0 0 0 2 0 0 0 0]
 [0 0 0 0 0 0 1 0 0 0 1 0 1 0 0 0 0]
 [0 0 0 0 0 0 0 0 0 0 0 0 3 0 0 0 0]
 [0 0 0 0 0 0 0 0 0 0 0 0 2 0 1 0 0]]
fold 3/3 accuracy: 0.29411764705882354
 [0, 1, 2, 3, 4, 5, 6, 7, 8, 9, 10, 11, 12, 13, 14, 15, 16]
[[0 0 0 0 0 0 0 3 0 0 0 0 0 0 0 0 0]
 [0 0 3 0 0 0 0 0 0 0 0 0 0 0 0 0 0]
 [0 0 0 2 0 0 0 0 0 0 0 0 0 0 1 0 0]
 [0 0 0 3 0 0 0 0 0 0 0 0 0 0 0 0 0]
 [0 0 0 0 1 0 0 0 0 0 0 1 0 0 1 0 0]
 [0 0 0 1 0 0 0 0 0 0 0 0 0 1 1 0 0]
 [0 0 0 0 0 0 0 0 0 0 0 0 1 2 0 0 0]
 [0 0 0 0 0 0 0 3 0 0 0 0 0 0 0 0 0]
 [0 0 0 0 0 0 0 1 0 0 0 0 2 0 0 0 0]
 [0 0 0 2 0 0 0 0 0 0 0 0 0 1 0 0 0]
 [0 0 0 0 0 0 0 3 0 0 0 0 0 0 0 0 0]
 [0 0 0 0 0 0 0 0 0 0 0 3 0 0 0 0 0]
 [0 0 0 0 0 0 0 1 0 0 0 0 1 1 0 0 0]
 [0 0 0 0 0 0 0 0 0 0 0 0 0 1 2 0 0]
 [0 0 0 0 0 0 0 0 0 0 0 0 0 0 3 0 0]
 [0 0 0 0 0 0 0 0 0 0 0 0 0 1 2 0 0]
 [0 0 0 0 0 0 0 0 0 0 0 0 0 1 2 0 0]]
mean accuracy: 0.18300653594771243
10/10: 
fold 1/3 accuracy: 0.0196078431372549
 [0, 1, 2, 3, 4, 5, 6, 7, 8, 9, 10, 11, 12, 13, 14, 15, 16]
[[0 0 1 0 0 0 0 0 1 0 0 0 1 0 0 0 0]
 [0 0 0 0 2 0 0 0 0 0 0 0 1 0 0 0 0]
 [0 0 0 0 0 0 0 0 0 0 0 2 1 0 0 0 0]
 [0 3 0 0 0 0 0 0 0 0 0 0 0 0 0 0 0]
 [0 0 0 0 0 0 0 0 0 0 0 1 2 0 0 0 0]
 [0 0 0 0 0 0 0 0 2 0 0 0 1 0 0 0 0]
 [0 0 0 0 0 0 0 0 0 0 0 0 3 0 0 0 0]
 [0 0 1 0 0 0 0 0 1 0 0 0 1 0 0 0 0]
 [0 0 2 0 0 0 0 0 0 0 0 0 1 0 0 0 0]
 [0 0 1 0 0 0 0 0 1 0 0 0 1 0 0 0 0]
 [0 0 0 0 0 1 0 0 0 0 0 0 1 0 0 0 1]
 [0 0 2 0 0 0 0 0 0 0 0 0 0 0 0 1 0]
 [0 0 3 0 0 0 0 0 0 0 0 0 0 0 0 0 0]
 [0 0 0 0 1 0 0 0 0 0 0 0 2 0 0 0 0]
 [0 0 0 0 0 0 0 0 0 0 0 0 0 0 0 3 0]
 [0 0 0 0 2 0 0 0 0 0 0 1 0 0 0 0 0]
 [0 0 0 0 1 0 0 0 0 0 0 1 0 0 0 0 1]]
fold 2/3 accuracy: 0.0784313725490196
 [0, 1, 2, 3, 4, 5, 6, 7, 8, 9, 10, 11, 12, 13, 14, 15, 16]
[[0 0 0 0 0 3 0 0 0 0 0 0 0 0 0 0 0]
 [0 0 0 2 0 0 0 0 0 1 0 0 0 0 0 0 0]
 [0 0 0 2 0 0 0 0 0 0 0 1 0 0 0 0 0]
 [0 0 0 3 0 0 0 0 0 0 0 0 0 0 0 0 0]
 [0 0 0 1 0 0 0 0 0 0 0 1 0 0 1 0 0]
 [0 0 0 2 0 0 0 0 0 0 0 1 0 0 0 0 0]
 [0 0 0 0 0 0 0 2 0 0 0 1 0 0 0 0 0]
 [0 0 0 0 0 2 0 0 0 0 0 1 0 0 0 0 0]
 [0 0 0 0 0 0 0 0 0 0 0 3 0 0 0 0 0]
 [0 0 0 2 0 0 0 0 0 1 0 0 0 0 0 0 0]
 [0 0 0 0 0 0 0 2 0 0 0 0 0 0 1 0 0]
 [0 0 0 0 0 0 0 1 0 0 2 0 0 0 0 0 0]
 [0 0 0 1 0 0 0 0 0 0 0 0 0 0 2 0 0]
 [0 0 0 1 0 0 0 0 0 2 0 0 0 0 0 0 0]
 [0 0 0 0 0 0 0 0 0 3 0 0 0 0 0 0 0]
 [0 0 0 3 0 0 0 0 0 0 0 0 0 0 0 0 0]
 [0 0 0 3 0 0 0 0 0 0 0 0 0 0 0 0 0]]
fold 3/3 accuracy: 0.23529411764705882
 [0, 1, 2, 3, 4, 5, 6, 7, 8, 9, 10, 11, 12, 13, 14, 15, 16]
[[0 0 0 0 0 0 0 3 0 0 0 0 0 0 0 0 0]
 [0 0 0 1 0 0 0 0 0 2 0 0 0 0 0 0 0]
 [0 0 0 3 0 0 0 0 0 0 0 0 0 0 0 0 0]
 [0 0 0 3 0 0 0 0 0 0 0 0 0 0 0 0 0]
 [0 0 0 2 0 0 0 0 0 0 0 1 0 0 0 0 0]
 [0 0 0 3 0 0 0 0 0 0 0 0 0 0 0 0 0]
 [0 0 0 0 0 0 0 0 0 0 0 0 3 0 0 0 0]
 [0 0 0 0 0 0 0 3 0 0 0 0 0 0 0 0 0]
 [0 0 0 0 0 0 1 0 0 0 0 1 1 0 0 0 0]
 [0 0 0 1 2 0 0 0 0 0 0 0 0 0 0 0 0]
 [0 0 0 0 0 0 0 0 0 0 0 3 0 0 0 0 0]
 [0 0 0 0 0 0 0 0 0 0 0 3 0 0 0 0 0]
 [0 0 0 0 0 0 0 0 0 0 0 2 1 0 0 0 0]
 [0 0 0 1 1 0 0 0 0 0 0 0 0 0 1 0 0]
 [0 0 0 1 0 0 0 0 0 0 0 0 0 0 2 0 0]
 [0 0 0 3 0 0 0 0 0 0 0 0 0 0 0 0 0]
 [0 0 0 1 1 0 0 0 0 1 0 0 0 0 0 0 0]]
mean accuracy: 0.1111111111111111
total mean accuracy: 0.3222222222222222
Total processing time: 4675.12
