  -------
|  Kfold  |
  -------
PHM (18ch_tr)
1/5: 
fold 1/3 accuracy: 0.8823529411764706
 [0, 1, 2, 3, 4, 5, 6, 7, 8, 9, 10, 11, 12, 13, 14, 15, 16]
[[10  0  0  0  0  0  0  0  0  0  0  0  0  0  0  0  0]
 [ 0 10  0  0  0  0  0  0  0  0  0  0  0  0  0  0  0]
 [ 0  0 10  0  0  0  0  0  0  0  0  0  0  0  0  0  0]
 [ 0  0  0 10  0  0  0  0  0  0  0  0  0  0  0  0  0]
 [ 0  0  0  0 10  0  0  0  0  0  0  0  0  0  0  0  0]
 [ 0  0  0  0  0 10  0  0  0  0  0  0  0  0  0  0  0]
 [ 0  0  0  0  0  0 10  0  0  0  0  0  0  0  0  0  0]
 [ 0  0  0  0  0  0  0 10  0  0  0  0  0  0  0  0  0]
 [ 0  0  0  0  0  0  0  0 10  0  0  0  0  0  0  0  0]
 [ 0  0  0  0  0  0  0  0  0 10  0  0  0  0  0  0  0]
 [ 0  0  0  0  0  0  0  0  0  0 10  0  0  0  0  0  0]
 [ 0  0  0  0  0  0  3  0  0  0  7  0  0  0  0  0  0]
 [ 0  0  0  0  0  0  0  0 10  0  0  0  0  0  0  0  0]
 [ 0  0  0  0  0  0  0  0  0  0  0  0  0 10  0  0  0]
 [ 0  0  0  0  0  0  0  0  0  0  0  0  0  0 10  0  0]
 [ 0  0  0  0  0  0  0  0  0  0  0  0  0  0  0 10  0]
 [ 0  0  0  0  0  0  0  0  0  0  0  0  0  0  0  0 10]]
fold 2/3 accuracy: 0.8941176470588236
 [0, 1, 2, 3, 4, 5, 6, 7, 8, 9, 10, 11, 12, 13, 14, 15, 16]
[[10  0  0  0  0  0  0  0  0  0  0  0  0  0  0  0  0]
 [ 0 10  0  0  0  0  0  0  0  0  0  0  0  0  0  0  0]
 [ 0  0 10  0  0  0  0  0  0  0  0  0  0  0  0  0  0]
 [ 0  0  0 10  0  0  0  0  0  0  0  0  0  0  0  0  0]
 [ 0  0  0  0 10  0  0  0  0  0  0  0  0  0  0  0  0]
 [ 0  0  0  0  0 10  0  0  0  0  0  0  0  0  0  0  0]
 [ 0  0  0  0  0  0 10  0  0  0  0  0  0  0  0  0  0]
 [ 0  0  0  0  0  0  0 10  0  0  0  0  0  0  0  0  0]
 [ 0  0  0  0  0  0  0  0 10  0  0  0  0  0  0  0  0]
 [ 0  0  0  0  0  0  0  0  0 10  0  0  0  0  0  0  0]
 [ 0  0  0  0  0  0  0  0  0  0 10  0  0  0  0  0  0]
 [ 0  0  0  0  0  0  0  0  0  0  0 10  0  0  0  0  0]
 [ 0  0  0  0  0  0  0  0  0  0  0  0 10  0  0  0  0]
 [ 0  0  0  0  0  0  0  0  0  0  0  0  0 10  0  0  0]
 [ 0  0  0  0  0  0  0  0  0  0  0  0  0  0 10  0  0]
 [ 0  0  0 10  0  0  0  0  0  0  0  0  0  0  0  0  0]
 [ 0  0  0  0  0  0  0  0  0  0  0  0  0  0  8  0  2]]
fold 3/3 accuracy: 0.9764705882352941
 [0, 1, 2, 3, 4, 5, 6, 7, 8, 9, 10, 11, 12, 13, 14, 15, 16]
[[10  0  0  0  0  0  0  0  0  0  0  0  0  0  0  0  0]
 [ 0 10  0  0  0  0  0  0  0  0  0  0  0  0  0  0  0]
 [ 0  0 10  0  0  0  0  0  0  0  0  0  0  0  0  0  0]
 [ 0  0  0 10  0  0  0  0  0  0  0  0  0  0  0  0  0]
 [ 0  0  0  0 10  0  0  0  0  0  0  0  0  0  0  0  0]
 [ 0  0  0  0  0 10  0  0  0  0  0  0  0  0  0  0  0]
 [ 0  0  0  0  0  0  6  0  0  0  0  4  0  0  0  0  0]
 [ 0  0  0  0  0  0  0 10  0  0  0  0  0  0  0  0  0]
 [ 0  0  0  0  0  0  0  0 10  0  0  0  0  0  0  0  0]
 [ 0  0  0  0  0  0  0  0  0 10  0  0  0  0  0  0  0]
 [ 0  0  0  0  0  0  0  0  0  0 10  0  0  0  0  0  0]
 [ 0  0  0  0  0  0  0  0  0  0  0 10  0  0  0  0  0]
 [ 0  0  0  0  0  0  0  0  0  0  0  0 10  0  0  0  0]
 [ 0  0  0  0  0  0  0  0  0  0  0  0  0 10  0  0  0]
 [ 0  0  0  0  0  0  0  0  0  0  0  0  0  0 10  0  0]
 [ 0  0  0  0  0  0  0  0  0  0  0  0  0  0  0 10  0]
 [ 0  0  0  0  0  0  0  0  0  0  0  0  0  0  0  0 10]]
mean accuracy: 0.9176470588235294
2/5: 
fold 1/3 accuracy: 0.7352941176470589
 [0, 1, 2, 3, 4, 5, 6, 7, 8, 9, 10, 11, 12, 13, 14, 15, 16]
[[10  0  0  0  0  0  0  0  0  0  0  0  0  0  0  0  0]
 [ 0 10  0  0  0  0  0  0  0  0  0  0  0  0  0  0  0]
 [ 0  0  5  0  0  0  0  0  0  0  0  0  0  0  0  0  5]
 [ 0  0  0 10  0  0  0  0  0  0  0  0  0  0  0  0  0]
 [ 0  0  0  0 10  0  0  0  0  0  0  0  0  0  0  0  0]
 [ 0  0  0  0  0 10  0  0  0  0  0  0  0  0  0  0  0]
 [ 0  0  0  0  0  0  0  0  0  0 10  0  0  0  0  0  0]
 [ 0  0  0  0  0  0  0 10  0  0  0  0  0  0  0  0  0]
 [ 0  0  0  0  0  0  0  0 10  0  0  0  0  0  0  0  0]
 [ 0  0  0  0  0  0  0  0  0 10  0  0  0  0  0  0  0]
 [ 0  0  0  0  0  0  0  0  0  0 10  0  0  0  0  0  0]
 [ 0  0  0  0  0  0  0  0  0  0  0 10  0  0  0  0  0]
 [ 0  0  0  0  0  0  0  0 10  0  0  0  0  0  0  0  0]
 [ 0  0  0  0 10  0  0  0  0  0  0  0  0  0  0  0  0]
 [ 0  0  0  0  0  0  0  0  0  0  0  0  0  0  0 10  0]
 [ 0  0  0  0  0  0  0  0  0  0  0  0  0  0  0 10  0]
 [ 0  0  0  0  0  0  0  0  0  0  0  0  0  0  0  0 10]]
fold 2/3 accuracy: 0.8823529411764706
 [0, 1, 2, 3, 4, 5, 6, 7, 8, 9, 10, 11, 12, 13, 14, 15, 16]
[[10  0  0  0  0  0  0  0  0  0  0  0  0  0  0  0  0]
 [ 0 10  0  0  0  0  0  0  0  0  0  0  0  0  0  0  0]
 [ 0  0 10  0  0  0  0  0  0  0  0  0  0  0  0  0  0]
 [ 0  0  0 10  0  0  0  0  0  0  0  0  0  0  0  0  0]
 [ 0  0  0  0 10  0  0  0  0  0  0  0  0  0  0  0  0]
 [ 0  0  0  0  0  0  0  0  0 10  0  0  0  0  0  0  0]
 [ 0  0  0  0  0  0  0  0 10  0  0  0  0  0  0  0  0]
 [ 0  0  0  0  0  0  0 10  0  0  0  0  0  0  0  0  0]
 [ 0  0  0  0  0  0  0  0 10  0  0  0  0  0  0  0  0]
 [ 0  0  0  0  0  0  0  0  0 10  0  0  0  0  0  0  0]
 [ 0  0  0  0  0  0  0  0  0  0 10  0  0  0  0  0  0]
 [ 0  0  0  0  0  0  0  0  0  0  0 10  0  0  0  0  0]
 [ 0  0  0  0  0  0  0  0  0  0  0  0 10  0  0  0  0]
 [ 0  0  0  0  0  0  0  0  0  0  0  0  0 10  0  0  0]
 [ 0  0  0  0  0  0  0  0  0  0  0  0  0  0 10  0  0]
 [ 0  0  0  0  0  0  0  0  0  0  0  0  0  0  0 10  0]
 [ 0  0  0  0  0  0  0  0  0  0  0  0  0  0  0  0 10]]
fold 3/3 accuracy: 1.0
 [0, 1, 2, 3, 4, 5, 6, 7, 8, 9, 10, 11, 12, 13, 14, 15, 16]
[[10  0  0  0  0  0  0  0  0  0  0  0  0  0  0  0  0]
 [ 0 10  0  0  0  0  0  0  0  0  0  0  0  0  0  0  0]
 [ 0  0 10  0  0  0  0  0  0  0  0  0  0  0  0  0  0]
 [ 0  0  0 10  0  0  0  0  0  0  0  0  0  0  0  0  0]
 [ 0  0  0  0 10  0  0  0  0  0  0  0  0  0  0  0  0]
 [ 0  0  0  0  0 10  0  0  0  0  0  0  0  0  0  0  0]
 [ 0  0  0  0  0  0 10  0  0  0  0  0  0  0  0  0  0]
 [ 0  0  0  0  0  0  0 10  0  0  0  0  0  0  0  0  0]
 [ 0  0  0  0  0  0  0  0 10  0  0  0  0  0  0  0  0]
 [ 0  0  0  0  0  0  0  0  0 10  0  0  0  0  0  0  0]
 [ 0  0  0  0  0  0  0  0  0  0 10  0  0  0  0  0  0]
 [ 0  0  0  0  0  0  0  0  0  0  0 10  0  0  0  0  0]
 [ 0  0  0  0  0  0  0  0  0  0  0  0 10  0  0  0  0]
 [ 0  0  0  0  0  0  0  0  0  0  0  0  0 10  0  0  0]
 [ 0  0  0  0  0  0  0  0  0  0  0  0  0  0 10  0  0]
 [ 0  0  0  0  0  0  0  0  0  0  0  0  0  0  0 10  0]
 [ 0  0  0  0  0  0  0  0  0  0  0  0  0  0  0  0 10]]
mean accuracy: 0.8725490196078431
3/5: 
fold 1/3 accuracy: 0.8823529411764706
 [0, 1, 2, 3, 4, 5, 6, 7, 8, 9, 10, 11, 12, 13, 14, 15, 16]
[[10  0  0  0  0  0  0  0  0  0  0  0  0  0  0  0  0]
 [ 0 10  0  0  0  0  0  0  0  0  0  0  0  0  0  0  0]
 [ 0  0 10  0  0  0  0  0  0  0  0  0  0  0  0  0  0]
 [ 0  0  0 10  0  0  0  0  0  0  0  0  0  0  0  0  0]
 [ 0  0  0  0 10  0  0  0  0  0  0  0  0  0  0  0  0]
 [ 0  0  0  0  0 10  0  0  0  0  0  0  0  0  0  0  0]
 [ 0  0  0  0  0  0  0  0  0  0  0 10  0  0  0  0  0]
 [ 0  0  0  0  0  0  0 10  0  0  0  0  0  0  0  0  0]
 [ 0  0  0  0  0  0  0  0 10  0  0  0  0  0  0  0  0]
 [ 0  0  0  0  0  0  0  0  0 10  0  0  0  0  0  0  0]
 [ 0  0  0  0  0  0  0  0  0  0 10  0  0  0  0  0  0]
 [ 0  0  0  0  0  0  0  0  0  0  0 10  0  0  0  0  0]
 [ 0  0  0  0  0  0  0  0 10  0  0  0  0  0  0  0  0]
 [ 0  0  0  0  0  0  0  0  0  0  0  0  0 10  0  0  0]
 [ 0  0  0  0  0  0  0  0  0  0  0  0  0  0 10  0  0]
 [ 0  0  0  0  0  0  0  0  0  0  0  0  0  0  0 10  0]
 [ 0  0  0  0  0  0  0  0  0  0  0  0  0  0  0  0 10]]
fold 2/3 accuracy: 0.9411764705882353
 [0, 1, 2, 3, 4, 5, 6, 7, 8, 9, 10, 11, 12, 13, 14, 15, 16]
[[10  0  0  0  0  0  0  0  0  0  0  0  0  0  0  0  0]
 [ 0 10  0  0  0  0  0  0  0  0  0  0  0  0  0  0  0]
 [ 0  0 10  0  0  0  0  0  0  0  0  0  0  0  0  0  0]
 [ 0  0  0 10  0  0  0  0  0  0  0  0  0  0  0  0  0]
 [ 0  0  0  0 10  0  0  0  0  0  0  0  0  0  0  0  0]
 [ 0  0  0  0  0  0  0  0  0 10  0  0  0  0  0  0  0]
 [ 0  0  0  0  0  0 10  0  0  0  0  0  0  0  0  0  0]
 [ 0  0  0  0  0  0  0 10  0  0  0  0  0  0  0  0  0]
 [ 0  0  0  0  0  0  0  0 10  0  0  0  0  0  0  0  0]
 [ 0  0  0  0  0  0  0  0  0 10  0  0  0  0  0  0  0]
 [ 0  0  0  0  0  0  0  0  0  0 10  0  0  0  0  0  0]
 [ 0  0  0  0  0  0  0  0  0  0  0 10  0  0  0  0  0]
 [ 0  0  0  0  0  0  0  0  0  0  0  0 10  0  0  0  0]
 [ 0  0  0  0  0  0  0  0  0  0  0  0  0 10  0  0  0]
 [ 0  0  0  0  0  0  0  0  0  0  0  0  0  0 10  0  0]
 [ 0  0  0  0  0  0  0  0  0  0  0  0  0  0  0 10  0]
 [ 0  0  0  0  0  0  0  0  0  0  0  0  0  0  0  0 10]]
fold 3/3 accuracy: 1.0
 [0, 1, 2, 3, 4, 5, 6, 7, 8, 9, 10, 11, 12, 13, 14, 15, 16]
[[10  0  0  0  0  0  0  0  0  0  0  0  0  0  0  0  0]
 [ 0 10  0  0  0  0  0  0  0  0  0  0  0  0  0  0  0]
 [ 0  0 10  0  0  0  0  0  0  0  0  0  0  0  0  0  0]
 [ 0  0  0 10  0  0  0  0  0  0  0  0  0  0  0  0  0]
 [ 0  0  0  0 10  0  0  0  0  0  0  0  0  0  0  0  0]
 [ 0  0  0  0  0 10  0  0  0  0  0  0  0  0  0  0  0]
 [ 0  0  0  0  0  0 10  0  0  0  0  0  0  0  0  0  0]
 [ 0  0  0  0  0  0  0 10  0  0  0  0  0  0  0  0  0]
 [ 0  0  0  0  0  0  0  0 10  0  0  0  0  0  0  0  0]
 [ 0  0  0  0  0  0  0  0  0 10  0  0  0  0  0  0  0]
 [ 0  0  0  0  0  0  0  0  0  0 10  0  0  0  0  0  0]
 [ 0  0  0  0  0  0  0  0  0  0  0 10  0  0  0  0  0]
 [ 0  0  0  0  0  0  0  0  0  0  0  0 10  0  0  0  0]
 [ 0  0  0  0  0  0  0  0  0  0  0  0  0 10  0  0  0]
 [ 0  0  0  0  0  0  0  0  0  0  0  0  0  0 10  0  0]
 [ 0  0  0  0  0  0  0  0  0  0  0  0  0  0  0 10  0]
 [ 0  0  0  0  0  0  0  0  0  0  0  0  0  0  0  0 10]]
mean accuracy: 0.9411764705882352
4/5: 
fold 1/3 accuracy: 0.7764705882352941
 [0, 1, 2, 3, 4, 5, 6, 7, 8, 9, 10, 11, 12, 13, 14, 15, 16]
[[10  0  0  0  0  0  0  0  0  0  0  0  0  0  0  0  0]
 [ 0 10  0  0  0  0  0  0  0  0  0  0  0  0  0  0  0]
 [ 0  0 10  0  0  0  0  0  0  0  0  0  0  0  0  0  0]
 [ 0  0  0 10  0  0  0  0  0  0  0  0  0  0  0  0  0]
 [ 0  0  0  0 10  0  0  0  0  0  0  0  0  0  0  0  0]
 [ 0  0  0  0  0 10  0  0  0  0  0  0  0  0  0  0  0]
 [ 0  0  0  0  0  0 10  0  0  0  0  0  0  0  0  0  0]
 [ 0  0  0  0  0  0  0 10  0  0  0  0  0  0  0  0  0]
 [ 0  0  0  0  0  0  0  0 10  0  0  0  0  0  0  0  0]
 [ 0  0  0  0  0  0  0  0  0 10  0  0  0  0  0  0  0]
 [ 0  0  0  0  0  0  0  0  0  0 10  0  0  0  0  0  0]
 [ 0  0  0  0  0  0  0  0 10  0  0  0  0  0  0  0  0]
 [ 0  0  0  0  0  0  0  0 10  0  0  0  0  0  0  0  0]
 [ 0  0  0  0  0  0  0  0  0  0  0  0  0  2  8  0  0]
 [ 0  0  0  0  0  0  0  0  0  0  0  0  0  0 10  0  0]
 [ 0  0  0  0  0  0  0  0  0  0  0  0  0  0  0  0 10]
 [ 0  0  0  0  0  0  0  0  0  0  0  0  0  0  0  0 10]]
fold 2/3 accuracy: 0.9705882352941176
 [0, 1, 2, 3, 4, 5, 6, 7, 8, 9, 10, 11, 12, 13, 14, 15, 16]
[[10  0  0  0  0  0  0  0  0  0  0  0  0  0  0  0  0]
 [ 0 10  0  0  0  0  0  0  0  0  0  0  0  0  0  0  0]
 [ 0  0 10  0  0  0  0  0  0  0  0  0  0  0  0  0  0]
 [ 0  0  0 10  0  0  0  0  0  0  0  0  0  0  0  0  0]
 [ 0  0  0  0 10  0  0  0  0  0  0  0  0  0  0  0  0]
 [ 0  0  0  0  4  6  0  0  0  0  0  0  0  0  0  0  0]
 [ 0  0  0  0  0  0 10  0  0  0  0  0  0  0  0  0  0]
 [ 0  0  0  0  0  0  0 10  0  0  0  0  0  0  0  0  0]
 [ 0  0  0  0  0  0  0  0  9  0  0  0  1  0  0  0  0]
 [ 0  0  0  0  0  0  0  0  0 10  0  0  0  0  0  0  0]
 [ 0  0  0  0  0  0  0  0  0  0 10  0  0  0  0  0  0]
 [ 0  0  0  0  0  0  0  0  0  0  0 10  0  0  0  0  0]
 [ 0  0  0  0  0  0  0  0  0  0  0  0 10  0  0  0  0]
 [ 0  0  0  0  0  0  0  0  0  0  0  0  0 10  0  0  0]
 [ 0  0  0  0  0  0  0  0  0  0  0  0  0  0 10  0  0]
 [ 0  0  0  0  0  0  0  0  0  0  0  0  0  0  0 10  0]
 [ 0  0  0  0  0  0  0  0  0  0  0  0  0  0  0  0 10]]
fold 3/3 accuracy: 0.8529411764705882
 [0, 1, 2, 3, 4, 5, 6, 7, 8, 9, 10, 11, 12, 13, 14, 15, 16]
[[10  0  0  0  0  0  0  0  0  0  0  0  0  0  0  0  0]
 [ 0 10  0  0  0  0  0  0  0  0  0  0  0  0  0  0  0]
 [ 0  0 10  0  0  0  0  0  0  0  0  0  0  0  0  0  0]
 [ 0  0  0 10  0  0  0  0  0  0  0  0  0  0  0  0  0]
 [ 0  0  0  0 10  0  0  0  0  0  0  0  0  0  0  0  0]
 [ 0  0  0  0  0 10  0  0  0  0  0  0  0  0  0  0  0]
 [ 0  0  0  0  0  0  5  0  0  0  3  2  0  0  0  0  0]
 [ 0  0  0  0  0  0  0 10  0  0  0  0  0  0  0  0  0]
 [ 0  0  0  0  0  0  0  0  0  0  0  0 10  0  0  0  0]
 [ 0  0  0  0  0  0  0  0  0 10  0  0  0  0  0  0  0]
 [ 0  0  0  0  0  0  0  0  0  0 10  0  0  0  0  0  0]
 [ 0  0  0  0  0  0  0  0  0  0  0  0 10  0  0  0  0]
 [ 0  0  0  0  0  0  0  0  0  0  0  0 10  0  0  0  0]
 [ 0  0  0  0  0  0  0  0  0  0  0  0  0 10  0  0  0]
 [ 0  0  0  0  0  0  0  0  0  0  0  0  0  0 10  0  0]
 [ 0  0  0  0  0  0  0  0  0  0  0  0  0  0  0 10  0]
 [ 0  0  0  0  0  0  0  0  0  0  0  0  0  0  0  0 10]]
mean accuracy: 0.8666666666666667
5/5: 
fold 1/3 accuracy: 0.8705882352941177
 [0, 1, 2, 3, 4, 5, 6, 7, 8, 9, 10, 11, 12, 13, 14, 15, 16]
[[10  0  0  0  0  0  0  0  0  0  0  0  0  0  0  0  0]
 [ 0 10  0  0  0  0  0  0  0  0  0  0  0  0  0  0  0]
 [ 0  0 10  0  0  0  0  0  0  0  0  0  0  0  0  0  0]
 [ 0  0  0 10  0  0  0  0  0  0  0  0  0  0  0  0  0]
 [ 0  0  0  0 10  0  0  0  0  0  0  0  0  0  0  0  0]
 [ 0  0  0  0  0 10  0  0  0  0  0  0  0  0  0  0  0]
 [ 0  0  0  0  0  0 10  0  0  0  0  0  0  0  0  0  0]
 [ 0  0  0  0  0  0  0 10  0  0  0  0  0  0  0  0  0]
 [ 0  0  0  0  0  0  0  0 10  0  0  0  0  0  0  0  0]
 [ 0  0  0  0  0  0  0  0  0 10  0  0  0  0  0  0  0]
 [ 0  0  0  0  0  0  0  0  0  0 10  0  0  0  0  0  0]
 [ 0  0  0  7  0  0  0  0  3  0  0  0  0  0  0  0  0]
 [ 0  0  0  0  0  0  0  0 10  0  0  0  0  0  0  0  0]
 [ 0  0  0  0  0  0  0  0  0  0  0  0  0 10  0  0  0]
 [ 0  0  0  0  0  0  0  0  0  0  0  0  0  2  8  0  0]
 [ 0  0  0  0  0  0  0  0  0  0  0  0  0  0  0 10  0]
 [ 0  0  0  0  0  0  0  0  0  0  0  0  0  0  0  0 10]]
fold 2/3 accuracy: 0.9470588235294117
 [0, 1, 2, 3, 4, 5, 6, 7, 8, 9, 10, 11, 12, 13, 14, 15, 16]
[[10  0  0  0  0  0  0  0  0  0  0  0  0  0  0  0  0]
 [ 0 10  0  0  0  0  0  0  0  0  0  0  0  0  0  0  0]
 [ 0  0 10  0  0  0  0  0  0  0  0  0  0  0  0  0  0]
 [ 0  0  0 10  0  0  0  0  0  0  0  0  0  0  0  0  0]
 [ 0  0  0  0 10  0  0  0  0  0  0  0  0  0  0  0  0]
 [ 0  0  0  0  0 10  0  0  0  0  0  0  0  0  0  0  0]
 [ 0  0  0  0  0  0 10  0  0  0  0  0  0  0  0  0  0]
 [ 0  0  0  0  0  0  0 10  0  0  0  0  0  0  0  0  0]
 [ 0  0  0  0  0  0  0  0 10  0  0  0  0  0  0  0  0]
 [ 0  0  0  0  0  0  0  0  0 10  0  0  0  0  0  0  0]
 [ 0  0  0  0  0  0  0  0  0  0 10  0  0  0  0  0  0]
 [ 0  0  0  0  0  0  0  0  0  0  0 10  0  0  0  0  0]
 [ 0  0  0  0  0  0  0  0  0  0  0  0 10  0  0  0  0]
 [ 0  0  0  0  0  0  0  0  0  0  0  0  0 10  0  0  0]
 [ 0  0  0  0  0  0  0  0  0  0  0  0  0  0 10  0  0]
 [ 0  0  0  0  0  0  0  0  0  0  0  0  0  0  0 10  0]
 [ 0  0  0  0  9  0  0  0  0  0  0  0  0  0  0  0  1]]
fold 3/3 accuracy: 0.9529411764705882
 [0, 1, 2, 3, 4, 5, 6, 7, 8, 9, 10, 11, 12, 13, 14, 15, 16]
[[10  0  0  0  0  0  0  0  0  0  0  0  0  0  0  0  0]
 [ 0 10  0  0  0  0  0  0  0  0  0  0  0  0  0  0  0]
 [ 0  0 10  0  0  0  0  0  0  0  0  0  0  0  0  0  0]
 [ 0  0  0 10  0  0  0  0  0  0  0  0  0  0  0  0  0]
 [ 0  0  0  0 10  0  0  0  0  0  0  0  0  0  0  0  0]
 [ 0  0  0  0  0 10  0  0  0  0  0  0  0  0  0  0  0]
 [ 0  0  0  0  0  0 10  0  0  0  0  0  0  0  0  0  0]
 [ 0  0  0  0  0  0  0 10  0  0  0  0  0  0  0  0  0]
 [ 0  0  0  0  0  0  0  0  2  0  0  0  8  0  0  0  0]
 [ 0  0  0  0  0  0  0  0  0 10  0  0  0  0  0  0  0]
 [ 0  0  0  0  0  0  0  0  0  0 10  0  0  0  0  0  0]
 [ 0  0  0  0  0  0  0  0  0  0  0 10  0  0  0  0  0]
 [ 0  0  0  0  0  0  0  0  0  0  0  0 10  0  0  0  0]
 [ 0  0  0  0  0  0  0  0  0  0  0  0  0 10  0  0  0]
 [ 0  0  0  0  0  0  0  0  0  0  0  0  0  0 10  0  0]
 [ 0  0  0  0  0  0  0  0  0  0  0  0  0  0  0 10  0]
 [ 0  0  0  0  0  0  0  0  0  0  0  0  0  0  0  0 10]]
mean accuracy: 0.9235294117647058
total mean accuracy: 0.9043137254901961
Total processing time: 1828.46
